0	-0
0.01	-0
0.02	-0
0.03	-0
0.04	-0
0.05	-0
0.06	-0
0.07	-0
0.08	-0
0.09	-0
0.1	-0
0.11	-9.8845e-16
0.12	-1.0136e-11
0.13	-3.0205e-11
0.14	9.2262e-10
0.15	-3.1012e-11
0.16	-1.8598e-11
0.17	-1.4485e-11
0.18	-7.6934e-13
0.19	3.5287e-12
0.2	7.4712e-12
0.21	2.1112e-11
0.22	1.0556e-11
0.23	3.5568e-12
0.24	2.1079e-11
0.25	2.0158e-11
0.26	3.7743e-11
0.27	3.4871e-11
0.28	3.1345e-11
0.29	2.7623e-11
0.3	2.397e-11
0.31	2.055e-11
0.32	1.7453e-11
0.33	1.4699e-11
0.34	1.2291e-11
0.35	1.0211e-11
0.36	8.4276e-12
0.37	6.9141e-12
0.38	5.6379e-12
0.39	4.5707e-12
0.4	3.6781e-12
0.41	2.9404e-12
0.42	2.3276e-12
0.43	1.8262e-12
0.44	1.9489e-12
0.45	1.0827e-12
0.46	7.8895e-13
0.47	5.8214e-13
0.48	4.017e-13
0.49	2.5346e-13
0.5	1.408e-13
0.51	4.5928e-14
0.52	-2.991e-14
0.53	-1.9303e-13
0.54	-1.8642e-14
0.55	-3.1571e-13
0.56	-4.3754e-14
0.57	-2.2216e-13
0.58	-2.5051e-13
0.59	-2.6311e-13
0.6	-2.7028e-13
0.61	-2.7318e-13
0.62	-2.7575e-13
0.63	-2.7183e-13
0.64	-1.7159e-13
0.65	-2.7277e-13
0.66	-1.7057e-13
0.67	-2.9698e-13
0.68	-1.7364e-13
0.69	-1.7256e-13
0.7	-7.717e-13
0.71	-5.1743e-13
0.72	-2.5797e-13
0.73	-3.7751e-13
0.74	-4.9937e-13
0.75	-5.1094e-13
0.76	-2.627e-13
0.77	-1.3237e-13
0.78	-3.6936e-13
0.79	-2.4785e-13
0.8	-1.234e-13
0.81	-1.1698e-13
0.82	-3.559e-13
0.83	-1.0783e-13
0.84	-1.6182e-13
0.85	-3.3414e-13
0.86	-9.1283e-14
0.87	-9.1267e-14
0.88	-1.4351e-13
0.89	-2.0986e-13
0.9	-2.6928e-13
0.91	-2.0486e-13
0.92	-3.2858e-12
0.93	-1.4322e-11
0.94	-2.7574e-11
0.95	1.0931e-11
0.96	2.6107e-11
0.97	1.4535e-11
0.98	6.0952e-12
0.99	6.017e-13
1	2.7638e-12
1.01	4.4259e-13
1.02	5.7044e-12
1.03	8.3187e-12
1.04	-2.5724e-13
1.05	-3.261e-12
1.06	1.0429e-10
1.07	-1.2508e-10
1.08	-1.5627e-11
1.09	-2.046e-11
1.1	1.6278e-12
1.11	-2.2698e-12
1.12	-4.5769e-12
1.13	-5.7027e-12
1.14	-6.0792e-12
1.15	-5.987e-12
1.16	-5.608e-12
1.17	-5.0733e-12
1.18	-4.4925e-12
1.19	-3.9099e-12
1.2	-3.3552e-12
1.21	-2.8523e-12
1.22	-2.4015e-12
1.23	-2.0054e-12
1.24	-1.6552e-12
1.25	-1.3605e-12
1.26	-1.1167e-12
1.27	-8.9894e-13
1.28	-7.2108e-13
1.29	-5.6943e-13
1.3	-4.5246e-13
1.31	-1.7835e-13
1.32	-2.7713e-13
1.33	-2.3976e-13
1.34	-1.6764e-13
1.35	-1.0895e-13
1.36	-7.2205e-14
1.37	-1.5577e-13
1.38	-3.5777e-15
1.39	1.535e-13
1.4	2.3363e-14
1.41	1.2801e-14
1.42	4.4565e-13
1.43	6.8189e-14
1.44	9.5097e-14
1.45	7.3751e-14
1.46	7.155e-13
1.47	7.2096e-14
1.48	7.2218e-14
1.49	-1.5105e-13
1.5	7.8889e-14
1.51	6.3413e-14
1.52	3.0155e-13
1.53	7.0322e-14
1.54	2.9737e-13
1.55	3.0254e-13
1.56	6.9159e-14
1.57	4.4165e-14
1.58	1.5856e-13
1.59	5.1178e-14
1.6	4.0048e-14
1.61	5.3954e-14
1.62	4.1871e-14
1.63	4.5145e-14
1.64	6.4129e-14
1.65	2.0078e-13
1.66	5.9208e-14
1.67	4.9967e-14
1.68	1.7614e-13
1.69	6.3612e-14
1.7	-6.82e-14
1.71	1.1795e-13
1.72	5.417e-14
1.73	5.1531e-14
1.74	9.9269e-14
1.75	-1.6183e-14
1.76	-1.7306e-14
1.77	4.246e-14
1.78	-1.9467e-13
1.79	9.5794e-14
1.8	3.8862e-14
1.81	3.295e-14
1.82	4.2591e-12
1.83	1.577e-11
1.84	2.6358e-10
1.85	-2.7598e-10
1.86	-2.1849e-10
1.87	3.0259e-11
1.88	3.3882e-11
1.89	2.4188e-10
1.9	4.3509e-11
1.91	3.1777e-11
1.92	8.7108e-12
1.93	2.9851e-12
1.94	2.6836e-12
1.95	1.8904e-12
1.96	1.1028e-12
1.97	5.998e-13
1.98	3.511e-13
1.99	2.0091e-13
2	1.6441e-13
2.01	1.0226e-13
2.02	9.115e-14
2.03	7.8156e-14
2.04	5.9148e-14
2.05	8.621e-14
2.06	9.2924e-14
2.07	7.4478e-14
2.08	6.165e-14
2.09	9.0313e-14
2.1	8.4225e-14
2.11	1.1231e-13
2.12	1.7835e-13
2.13	3.5107e-13
2.14	9.6034e-13
2.15	3.6574e-12
2.16	1.2447e-11
2.17	1.0403e-11
2.18	1.7823e-11
2.19	-5.5214e-10
2.2	4.3613e-12
2.21	-1.2781e-11
2.22	-8.6516e-12
2.23	-5.7629e-12
2.24	-3.7549e-12
2.25	-2.3907e-12
2.26	-1.3998e-12
2.27	-1.003e-12
2.28	-3.2545e-13
2.29	7.6249e-14
2.3	5.9938e-13
2.31	8.0258e-13
2.32	1.1765e-11
2.33	3.7703e-13
2.34	2.7801e-13
2.35	-7.4485e-14
2.36	6.4598e-14
2.37	-4.1258e-12
2.38	5.2308e-13
2.39	-7.1341e-12
2.4	7.4673e-12
2.41	2.981e-13
2.42	1.1963e-12
2.43	1.0879e-10
2.44	-1.1538e-10
2.45	6.3138e-11
2.46	2.1066e-12
2.47	4.4828e-13
2.48	3.0843e-12
2.49	-4.6663e-11
2.5	3.6843e-12
2.51	4.8341e-11
2.52	4.497e-11
2.53	-2.4212e-12
2.54	5.0711e-11
2.55	-4.173e-11
2.56	2.6131e-12
2.57	-4.3314e-11
2.58	4.7261e-11
2.59	5.4837e-12
2.6	4.6775e-11
2.61	-6.3479e-13
2.62	-1.3045e-12
2.63	-1.1441e-12
2.64	9.9475e-11
2.65	-1.1384e-10
2.66	-7.9371e-11
2.67	-5.6626e-12
2.68	6.3206e-12
2.69	-1.9877e-12
2.7	8.7514e-13
2.71	5.0854e-11
2.72	-4.7909e-12
2.73	-5.7038e-11
2.74	2.0614e-12
2.75	6.2108e-12
2.76	2.6458e-12
2.77	3.8877e-12
2.78	-4.1855e-11
2.79	6.0443e-12
2.8	-4.4891e-11
2.81	8.0673e-14
2.82	5.8409e-13
2.83	8.5128e-13
2.84	9.6089e-13
2.85	9.7074e-13
2.86	9.2791e-13
2.87	8.4425e-13
2.88	7.4468e-13
2.89	6.4739e-13
2.9	5.5237e-13
2.91	4.5674e-13
2.92	3.6973e-13
2.93	2.8384e-13
2.94	2.3207e-13
2.95	8.2704e-13
2.96	5.3372e-13
2.97	1.1646e-13
2.98	1.5001e-13
2.99	5.8037e-14
3	4.5253e-14
