0	0
0.01	0
0.02	0
0.03	0
0.04	0
0.05	0
0.06	0
0.07	0
0.08	0
0.09	0
0.1	0
0.11	0
0.12	0
0.13	0
0.14	0
0.15	0
0.16	0
0.17	1.2106e-06
0.18	0.00022401
0.19	0.0012397
0.2	0.0032223
0.21	0.0061014
0.22	0.0097599
0.23	0.014086
0.24	0.018984
0.25	0.024368
0.26	0.030168
0.27	0.036323
0.28	0.042781
0.29	0.049497
0.3	0.056434
0.31	0.063559
0.32	0.070845
0.33	0.078268
0.34	0.085807
0.35	0.093446
0.36	0.10117
0.37	0.10897
0.38	0.11682
0.39	0.12473
0.4	0.13269
0.41	0.14068
0.42	0.1487
0.43	0.15631
0.44	0.16235
0.45	0.16648
0.46	0.16884
0.47	0.16965
0.48	0.16913
0.49	0.16749
0.5	0.16487
0.51	0.16144
0.52	0.1573
0.53	0.15255
0.54	0.1473
0.55	0.14161
0.56	0.13554
0.57	0.12916
0.58	0.1225
0.59	0.11561
0.6	0.10852
0.61	0.10127
0.62	0.093869
0.63	0.086346
0.64	0.078718
0.65	0.071001
0.66	0.063208
0.67	0.055352
0.68	0.047662
0.69	0.040717
0.7	0.0347
0.71	0.029545
0.72	0.025141
0.73	0.021381
0.74	0.01817
0.75	0.015429
0.76	0.013089
0.77	0.011091
0.78	0.0093855
0.79	0.0079298
0.8	0.0066872
0.81	0.0056266
0.82	0.0047213
0.83	0.0039488
0.84	0.0033101
0.85	0.0032167
0.86	0.0041697
0.87	0.0062177
0.88	0.0092457
0.89	0.013119
0.9	0.017715
0.91	0.022929
0.92	0.02867
0.93	0.034861
0.94	0.041436
0.95	0.048338
0.96	0.05552
0.97	0.062941
0.98	0.070566
0.99	0.078364
1	0.08631
1.01	0.094383
1.02	0.10256
1.03	0.11084
1.04	0.11919
1.05	0.1276
1.06	0.13608
1.07	0.1446
1.08	0.15316
1.09	0.16176
1.1	0.17039
1.11	0.17904
1.12	0.18771
1.13	0.19641
1.14	0.20511
1.15	0.21384
1.16	0.22257
1.17	0.23131
1.18	0.24006
1.19	0.24881
1.2	0.25757
1.21	0.26633
1.22	0.2751
1.23	0.28387
1.24	0.29265
1.25	0.30142
1.26	0.3102
1.27	0.31897
1.28	0.32775
1.29	0.33653
1.3	0.34531
1.31	0.35409
1.32	0.36287
1.33	0.37165
1.34	0.38043
1.35	0.38921
1.36	0.39798
1.37	0.40676
1.38	0.41554
1.39	0.42431
1.4	0.43309
1.41	0.44187
1.42	0.45064
1.43	0.45941
1.44	0.46819
1.45	0.47696
1.46	0.48573
1.47	0.4945
1.48	0.50327
1.49	0.51204
1.5	0.5208
1.51	0.52957
1.52	0.53834
1.53	0.5471
1.54	0.55587
1.55	0.56463
1.56	0.57339
1.57	0.58215
1.58	0.59092
1.59	0.59968
1.6	0.60843
1.61	0.61719
1.62	0.62595
1.63	0.63471
1.64	0.64346
1.65	0.65222
1.66	0.66097
1.67	0.66973
1.68	0.67848
1.69	0.68723
1.7	0.69582
1.71	0.70412
1.72	0.71212
1.73	0.71985
1.74	0.72736
1.75	0.73464
1.76	0.74171
1.77	0.74858
1.78	0.75525
1.79	0.76172
1.8	0.76798
1.81	0.77403
1.82	0.77987
1.83	0.78548
1.84	0.79085
1.85	0.79598
1.86	0.80085
1.87	0.80546
1.88	0.8098
1.89	0.81385
1.9	0.81762
1.91	0.8211
1.92	0.82429
1.93	0.82718
1.94	0.82979
1.95	0.83211
1.96	0.83417
1.97	0.83597
1.98	0.83752
1.99	0.83886
2	0.83998
2.01	0.84092
2.02	0.84167
2.03	0.84224
2.04	0.84268
2.05	0.84303
2.06	0.84329
2.07	0.8435
2.08	0.84366
2.09	0.84379
2.1	0.8439
2.11	0.84398
2.12	0.84405
2.13	0.8441
2.14	0.84414
2.15	0.84418
2.16	0.84421
2.17	0.84423
2.18	0.84425
2.19	0.84427
2.2	0.84428
2.21	0.84429
2.22	0.84429
2.23	0.8443
2.24	0.8443
2.25	0.8443
2.26	0.84429
2.27	0.84429
2.28	0.84428
2.29	0.84427
2.3	0.84426
2.31	0.84424
2.32	0.84422
2.33	0.84419
2.34	0.84416
2.35	0.84412
2.36	0.84407
2.37	0.84401
2.38	0.84393
2.39	0.84384
2.4	0.84372
2.41	0.84357
2.42	0.84337
2.43	0.84313
2.44	0.84281
2.45	0.8424
2.46	0.84186
2.47	0.84115
2.48	0.84021
2.49	0.83894
2.5	0.83724
2.51	0.83494
2.52	0.83183
2.53	0.82762
2.54	0.82195
2.55	0.81437
2.56	0.80436
2.57	0.79143
2.58	0.77519
2.59	0.7555
2.6	0.73258
2.61	0.7071
2.62	0.68057
2.63	0.65575
2.64	0.63321
2.65	0.61274
2.66	0.59405
2.67	0.5769
2.68	0.56104
2.69	0.5463
2.7	0.53251
2.71	0.51953
2.72	0.50725
2.73	0.49556
2.74	0.48437
2.75	0.47362
2.76	0.46323
2.77	0.45316
2.78	0.44336
2.79	0.43379
2.8	0.42442
2.81	0.41522
2.82	0.40615
2.83	0.39722
2.84	0.38838
2.85	0.37964
2.86	0.37097
2.87	0.36237
2.88	0.35383
2.89	0.34533
2.9	0.33688
2.91	0.32846
2.92	0.32007
2.93	0.3117
2.94	0.30336
2.95	0.29504
2.96	0.28674
2.97	0.27845
2.98	0.27017
2.99	0.2619
3	0.25364
3.01	0.24539
3.02	0.23715
3.03	0.22891
3.04	0.22068
3.05	0.21245
3.06	0.20423
3.07	0.19601
3.08	0.1878
3.09	0.17958
3.1	0.17137
3.11	0.16317
3.12	0.15496
3.13	0.14676
3.14	0.13855
3.15	0.13035
3.16	0.12215
3.17	0.11396
3.18	0.10576
3.19	0.097566
3.2	0.089372
3.21	0.08118
3.22	0.072988
3.23	0.064798
3.24	0.056609
3.25	0.048421
3.26	0.040317
3.27	0.032841
3.28	0.026318
3.29	0.020726
3.3	0.015955
3.31	0.011888
3.32	0.008423
3.33	0.0054727
3.34	0.0029617
3.35	0.00082555
3.36	-0.00099041
3.37	-0.002533
3.38	-0.0038423
3.39	-0.0049524
3.4	-0.0058925
3.41	-0.0066873
3.42	-0.0073583
3.43	-0.0079235
3.44	-0.0083984
3.45	-0.0087963
3.46	-0.0091284
3.47	-0.0094044
3.48	-0.0096326
3.49	-0.0098199
3.5	-0.0099724
3.51	-0.010095
3.52	-0.010193
3.53	-0.010269
3.54	-0.010326
3.55	-0.010368
3.56	-0.010396
3.57	-0.010413
3.58	-0.010421
3.59	-0.010444
3.6	-0.010983
3.61	-0.012641
3.62	-0.015489
3.63	-0.019406
3.64	-0.024246
3.65	-0.029875
3.66	-0.036178
3.67	-0.043056
3.68	-0.050426
3.69	-0.058215
3.7	-0.066361
3.71	-0.074814
3.72	-0.083527
3.73	-0.092462
3.74	-0.10159
3.75	-0.11087
3.76	-0.1203
3.77	-0.12984
3.78	-0.13948
3.79	-0.14921
3.8	-0.15901
3.81	-0.16888
3.82	-0.17879
3.83	-0.18875
3.84	-0.19875
3.85	-0.20879
3.86	-0.21884
3.87	-0.22893
3.88	-0.23903
3.89	-0.24915
3.9	-0.25928
3.91	-0.26943
3.92	-0.27959
3.93	-0.28975
3.94	-0.29992
3.95	-0.3101
3.96	-0.32028
3.97	-0.33047
3.98	-0.34066
3.99	-0.35085
4	-0.36105
4.01	-0.37124
4.02	-0.38144
4.03	-0.39164
4.04	-0.40184
4.05	-0.41204
4.06	-0.42224
4.07	-0.43244
4.08	-0.44264
4.09	-0.4528
4.1	-0.46204
4.11	-0.46931
4.12	-0.4745
4.13	-0.4778
4.14	-0.47948
4.15	-0.47978
4.16	-0.47889
4.17	-0.47698
4.18	-0.47422
4.19	-0.47072
4.2	-0.46659
4.21	-0.46192
4.22	-0.45679
4.23	-0.45127
4.24	-0.44542
4.25	-0.43928
4.26	-0.4329
4.27	-0.42632
4.28	-0.41955
4.29	-0.41264
4.3	-0.4056
4.31	-0.39844
4.32	-0.3912
4.33	-0.38387
4.34	-0.37648
4.35	-0.36903
4.36	-0.36153
4.37	-0.35399
4.38	-0.34641
4.39	-0.33881
4.4	-0.33118
4.41	-0.32352
4.42	-0.31585
4.43	-0.30816
4.44	-0.30046
4.45	-0.29275
4.46	-0.28503
4.47	-0.27731
4.48	-0.26957
4.49	-0.26183
4.5	-0.25409
4.51	-0.24634
4.52	-0.23859
4.53	-0.23084
4.54	-0.22309
4.55	-0.21534
4.56	-0.20758
4.57	-0.19982
4.58	-0.19207
4.59	-0.18431
4.6	-0.17656
4.61	-0.1688
4.62	-0.16104
4.63	-0.15329
4.64	-0.14553
4.65	-0.13778
4.66	-0.13003
4.67	-0.12228
4.68	-0.11452
4.69	-0.10677
4.7	-0.099023
4.71	-0.091275
4.72	-0.083527
4.73	-0.07578
4.74	-0.068034
4.75	-0.06029
4.76	-0.052624
4.77	-0.045547
4.78	-0.039364
4.79	-0.034054
4.8	-0.029513
4.81	-0.025633
4.82	-0.022318
4.83	-0.019485
4.84	-0.017064
4.85	-0.014995
4.86	-0.013227
4.87	-0.011715
4.88	-0.010422
4.89	-0.0093159
4.9	-0.0083697
4.91	-0.0075599
4.92	-0.0068666
4.93	-0.0062726
4.94	-0.0057636
4.95	-0.0053272
4.96	-0.0049526
4.97	-0.004631
4.98	-0.0043545
4.99	-0.0041166
5	-0.0039116
