0	0
0.01	0
0.02	0
0.03	0
0.04	0
0.05	0
0.06	0
0.07	0
0.08	0
0.09	0
0.1	0
0.11	0.026366
0.12	0.0081399
0.13	-0.0042492
0.14	-0.010132
0.15	-0.012362
0.16	-0.012689
0.17	-0.012035
0.18	-0.010883
0.19	-0.0094834
0.2	-0.0079671
0.21	-0.0064032
0.22	-0.0048274
0.23	-0.0032582
0.24	-0.0017049
0.25	-0.00017196
0.26	-0.051393
0.27	-0.013454
0.28	0.012787
0.29	0.025994
0.3	0.031871
0.31	0.033917
0.32	0.033982
0.33	0.033027
0.34	0.031555
0.35	0.029829
0.36	0.027987
0.37	0.0261
0.38	0.024207
0.39	0.022325
0.4	0.020464
0.41	0.044995
0.42	0.024962
0.43	0.010795
0.44	0.0031614
0.45	-0.00079036
0.46	-0.0028106
0.47	-0.0038237
0.48	-0.004311
0.49	-0.0045241
0.5	-0.0045949
0.51	-0.0045925
0.52	-0.0045532
0.53	-0.0044957
0.54	-0.0044298
0.55	-0.0043605
0.56	-0.0042903
0.57	-0.0042203
0.58	-0.0041513
0.59	-0.0040833
0.6	-0.0040166
0.61	0.020767
0.62	0.0037445
0.63	-0.007807
0.64	-0.01326
0.65	-0.01529
0.66	-0.015536
0.67	-0.014864
0.68	-0.013726
0.69	-0.012357
0.7	-0.010879
0.71	-0.0093577
0.72	-0.0078261
0.73	-0.0063015
0.74	-0.0047926
0.75	-0.0033039
0.76	-0.001837
0.77	-0.000393
0.78	0.0010281
0.79	0.0024265
0.8	0.0038023
0.81	0.0051559
0.82	0.0064878
0.83	0.0077982
0.84	0.0090876
0.85	0.010356
0.86	0.011604
0.87	0.012833
0.88	0.014041
0.89	0.01523
0.9	0.0164
0.91	0.017552
0.92	0.018685
0.93	0.019799
0.94	0.020896
0.95	0.021976
0.96	0.023038
0.97	0.024083
0.98	0.025111
0.99	0.026123
1	0.027119
1.01	-0.016394
1.02	0.015326
1.03	0.037182
1.04	0.048044
1.05	0.052727
1.06	0.054182
1.07	0.053969
1.08	0.052901
1.09	0.0514
1.1	0.049689
1.11	0.047885
1.12	0.046047
1.13	0.044207
1.14	0.042381
1.15	0.040577
1.16	0.038798
1.17	0.037047
1.18	0.035323
1.19	0.033627
1.2	0.031959
1.21	0.030318
1.22	0.028703
1.23	0.027114
1.24	0.025551
1.25	0.024013
1.26	0.0225
1.27	0.021011
1.28	0.019547
1.29	0.018105
1.3	0.016687
1.31	0.015292
1.32	0.013919
1.33	0.012568
1.34	0.011239
1.35	0.0099316
1.36	0.0086448
1.37	0.0073787
1.38	0.0061328
1.39	0.004907
1.4	0.0037008
1.41	0.0025139
1.42	0.0013461
1.43	0.00019694
1.44	-0.00093377
1.45	-0.0020464
1.46	-0.0031411
1.47	-0.0042184
1.48	-0.0052784
1.49	-0.0063214
1.5	-0.0073477
1.51	0.011417
1.52	-0.0032462
1.53	-0.013516
1.54	-0.01889
1.55	-0.02151
1.56	-0.022686
1.57	-0.023113
1.58	-0.023151
1.59	-0.022989
1.6	-0.022725
1.61	-0.022412
1.62	-0.022076
1.63	-0.021732
1.64	-0.021386
1.65	-0.021042
1.66	-0.020703
1.67	-0.020368
1.68	-0.020039
1.69	-0.019714
1.7	-0.019396
1.71	-0.045448
1.72	-0.026914
1.73	-0.014222
1.74	-0.0080404
1.75	-0.0055169
1.76	-0.0049019
1.77	-0.0052713
1.78	-0.0061441
1.79	-0.0072692
1.8	-0.008515
1.81	-0.0098129
1.82	-0.011127
1.83	-0.012439
1.84	-0.013739
1.85	-0.015022
1.86	-0.016288
1.87	-0.017533
1.88	-0.018759
1.89	-0.019966
1.9	-0.021153
1.91	-0.022321
1.92	-0.02347
1.93	-0.024601
1.94	-0.025713
1.95	-0.026808
1.96	-0.027885
1.97	-0.028945
1.98	-0.029987
1.99	-0.031014
2	-0.032023
2.01	0.019715
2.02	-0.017714
2.03	-0.043455
2.04	-0.056168
2.05	-0.061561
2.06	-0.06313
2.07	-0.062726
2.08	-0.06131
2.09	-0.059384
2.1	-0.057212
2.11	-0.054931
2.12	-0.052612
2.13	-0.050294
2.14	-0.047994
2.15	-0.045722
2.16	-0.043482
2.17	-0.041277
2.18	-0.039107
2.19	-0.036972
2.2	-0.034872
2.21	-0.032805
2.22	-0.030772
2.23	-0.028771
2.24	-0.026803
2.25	-0.024867
2.26	-0.022962
2.27	-0.021088
2.28	-0.019243
2.29	-0.017429
2.3	-0.015643
2.31	-0.040253
2.32	-0.020298
2.33	-0.0062086
2.34	0.001348
2.35	0.0052247
2.36	0.0071714
2.37	0.0081124
2.38	0.0085289
2.39	0.0086726
2.4	0.0086753
2.41	0.0086059
2.42	0.0085008
2.43	0.0083786
2.44	0.0082491
2.45	0.0081173
2.46	0.0079855
2.47	0.0078551
2.48	0.0077266
2.49	0.0076001
2.5	0.0074758
2.51	0.022185
2.52	0.011813
2.53	0.0047257
2.54	0.0013004
2.55	-6.812e-05
2.56	-0.00036394
2.57	-0.00010683
2.58	0.00043268
2.59	0.0011133
2.6	0.0018611
2.61	0.0026374
2.62	0.0034221
2.63	0.0042048
2.64	0.0049801
2.65	0.0057455
2.66	0.0064999
2.67	0.0072426
2.68	0.0079735
2.69	0.0086928
2.7	0.0094005
2.71	-0.019565
2.72	0.001624
2.73	0.016236
2.74	0.023518
2.75	0.026679
2.76	0.027688
2.77	0.027585
2.78	0.026911
2.79	0.025948
2.8	0.024845
2.81	0.023678
2.82	0.022488
2.83	0.021297
2.84	0.020114
2.85	0.018945
2.86	0.017793
2.87	0.016658
2.88	0.015542
2.89	0.014443
2.9	0.013362
2.91	0.027129
2.92	0.015831
2.93	0.0078327
2.94	0.0035107
2.95	0.0012598
2.96	9.5823e-05
2.97	-0.00050132
2.98	-0.00080237
2.99	-0.00094883
3	-0.0010148
