0	0
0.01	0
0.02	0
0.03	0
0.04	0
0.05	0
0.06	0
0.07	0
0.08	0
0.09	0
0.1	0
0.11	0.0063688
0.12	0.019119
0.13	0.032523
0.14	0.045953
0.15	0.05936
0.16	0.072746
0.17	0.086118
0.18	0.099481
0.19	0.11284
0.2	0.12619
0.21	0.13954
0.22	0.15288
0.23	0.16623
0.24	0.17957
0.25	0.19292
0.26	0.19352
0.27	0.18136
0.28	0.1679
0.29	0.15438
0.3	0.1409
0.31	0.12747
0.32	0.11407
0.33	0.10068
0.34	0.08731
0.35	0.073946
0.36	0.060588
0.37	0.047235
0.38	0.033884
0.39	0.020536
0.4	0.0071895
0.41	0.00021299
0.42	-0.00038098
0.43	-0.00032103
0.44	-0.00023349
0.45	-0.00016989
0.46	-0.0001262
0.47	-9.6072e-05
0.48	-7.505e-05
0.49	-6.0219e-05
0.5	-4.965e-05
0.51	-4.2047e-05
0.52	-3.6526e-05
0.53	-3.2479e-05
0.54	-2.9478e-05
0.55	-2.7224e-05
0.56	-2.5507e-05
0.57	-2.4176e-05
0.58	-2.3123e-05
0.59	-2.2271e-05
0.6	-2.1566e-05
0.61	0.0059498
0.62	0.017904
0.63	0.03047
0.64	0.043062
0.65	0.05563
0.66	0.06818
0.67	0.080717
0.68	0.093245
0.69	0.10577
0.7	0.11828
0.71	0.1308
0.72	0.14331
0.73	0.15582
0.74	0.16833
0.75	0.18084
0.76	0.19335
0.77	0.20586
0.78	0.21837
0.79	0.23087
0.8	0.24338
0.81	0.25589
0.82	0.2684
0.83	0.2809
0.84	0.29341
0.85	0.30591
0.86	0.31842
0.87	0.33093
0.88	0.34343
0.89	0.35594
0.9	0.36845
0.91	0.38095
0.92	0.39346
0.93	0.40596
0.94	0.41847
0.95	0.43097
0.96	0.44348
0.97	0.45598
0.98	0.46849
0.99	0.48099
1	0.4935
1.01	0.49526
1.02	0.48624
1.03	0.47613
1.04	0.46597
1.05	0.45585
1.06	0.44577
1.07	0.43571
1.08	0.42566
1.09	0.41563
1.1	0.4056
1.11	0.39558
1.12	0.38556
1.13	0.37554
1.14	0.36553
1.15	0.35552
1.16	0.34551
1.17	0.33549
1.18	0.32549
1.19	0.31548
1.2	0.30547
1.21	0.29546
1.22	0.28545
1.23	0.27544
1.24	0.26543
1.25	0.25543
1.26	0.24542
1.27	0.23541
1.28	0.2254
1.29	0.2154
1.3	0.20539
1.31	0.19538
1.32	0.18537
1.33	0.17537
1.34	0.16536
1.35	0.15535
1.36	0.14535
1.37	0.13534
1.38	0.12534
1.39	0.11533
1.4	0.10532
1.41	0.095318
1.42	0.085312
1.43	0.075306
1.44	0.065301
1.45	0.055295
1.46	0.04529
1.47	0.035284
1.48	0.025279
1.49	0.015274
1.5	0.0052689
1.51	4.0473e-05
1.52	-0.00040166
1.53	-0.0003538
1.54	-0.00028557
1.55	-0.00023554
1.56	-0.00020063
1.57	-0.00017603
1.58	-0.00015836
1.59	-0.00014543
1.6	-0.00013576
1.61	-0.00012837
1.62	-0.00012258
1.63	-0.00011795
1.64	-0.00011414
1.65	-0.00011092
1.66	-0.00010813
1.67	-0.00010566
1.68	-0.00010343
1.69	-0.00010137
1.7	-9.945e-05
1.71	-0.0064664
1.72	-0.019215
1.73	-0.032617
1.74	-0.046046
1.75	-0.059451
1.76	-0.072835
1.77	-0.086206
1.78	-0.099567
1.79	-0.11292
1.8	-0.12627
1.81	-0.13962
1.82	-0.15297
1.83	-0.16631
1.84	-0.17965
1.85	-0.19299
1.86	-0.20633
1.87	-0.21967
1.88	-0.23301
1.89	-0.24635
1.9	-0.25969
1.91	-0.27303
1.92	-0.28637
1.93	-0.29971
1.94	-0.31305
1.95	-0.32639
1.96	-0.33973
1.97	-0.35307
1.98	-0.3664
1.99	-0.37974
2	-0.39308
2.01	-0.39368
2.02	-0.38152
2.03	-0.36805
2.04	-0.35453
2.05	-0.34105
2.06	-0.32762
2.07	-0.31421
2.08	-0.30082
2.09	-0.28745
2.1	-0.27408
2.11	-0.26072
2.12	-0.24737
2.13	-0.23401
2.14	-0.22066
2.15	-0.20731
2.16	-0.19397
2.17	-0.18062
2.18	-0.16728
2.19	-0.15393
2.2	-0.14059
2.21	-0.12724
2.22	-0.1139
2.23	-0.10055
2.24	-0.08721
2.25	-0.073867
2.26	-0.060524
2.27	-0.047182
2.28	-0.033839
2.29	-0.020496
2.3	-0.0071542
2.31	-0.00018082
2.32	0.00041079
2.33	0.00034903
2.34	0.00026008
2.35	0.00019537
2.36	0.00015078
2.37	0.00011989
2.38	9.8233e-05
2.39	8.2844e-05
2.4	7.1778e-05
2.41	6.3724e-05
2.42	5.7786e-05
2.43	5.3347e-05
2.44	4.9976e-05
2.45	4.7368e-05
2.46	4.5309e-05
2.47	4.3647e-05
2.48	4.2273e-05
2.49	4.1108e-05
2.5	4.0096e-05
2.51	0.0036216
2.52	0.010793
2.53	0.018332
2.54	0.025886
2.55	0.033426
2.56	0.040955
2.57	0.048476
2.58	0.055992
2.59	0.063505
2.6	0.071015
2.61	0.078523
2.62	0.08603
2.63	0.093536
2.64	0.10104
2.65	0.10855
2.66	0.11605
2.67	0.12355
2.68	0.13106
2.69	0.13856
2.7	0.14607
2.71	0.1464
2.72	0.13956
2.73	0.13199
2.74	0.12438
2.75	0.1168
2.76	0.10925
2.77	0.10171
2.78	0.094177
2.79	0.086654
2.8	0.079136
2.81	0.071622
2.82	0.064109
2.83	0.056599
2.84	0.04909
2.85	0.041582
2.86	0.034075
2.87	0.026568
2.88	0.019062
2.89	0.011556
2.9	0.0040497
2.91	0.00012654
2.92	-0.00020683
2.93	-0.00017262
2.94	-0.00012307
2.95	-8.7111e-05
2.96	-6.2446e-05
2.97	-4.5469e-05
2.98	-3.3663e-05
2.99	-2.5371e-05
3	-1.95e-05
