0	-0
0.01	-0
0.02	-0
0.03	-0
0.04	-0
0.05	-0
0.06	-0
0.07	-0
0.08	-0
0.09	-0
0.1	-0
0.11	2.3088e-05
0.12	0.00015295
0.13	0.00041329
0.14	0.00080666
0.15	0.0013333
0.16	0.0019933
0.17	0.0027867
0.18	0.0037133
0.19	0.0047733
0.2	0.0059667
0.21	0.0072933
0.22	0.0087533
0.23	0.010347
0.24	0.012073
0.25	0.013933
0.26	0.01588
0.27	0.017747
0.28	0.019487
0.29	0.021093
0.3	0.022567
0.31	0.023907
0.32	0.025113
0.33	0.026187
0.34	0.027127
0.35	0.027933
0.36	0.028607
0.37	0.029147
0.38	0.029553
0.39	0.029827
0.4	0.029967
0.41	0.029996
0.42	0.03
0.43	0.03
0.44	0.03
0.45	0.03
0.46	0.03
0.47	0.03
0.48	0.03
0.49	0.03
0.5	0.03
0.51	0.03
0.52	0.03
0.53	0.03
0.54	0.03
0.55	0.03
0.56	0.03
0.57	0.03
0.58	0.03
0.59	0.03
0.6	0.03
0.61	0.030022
0.62	0.030143
0.63	0.030387
0.64	0.030756
0.65	0.03125
0.66	0.031869
0.67	0.032612
0.68	0.033481
0.69	0.034475
0.7	0.035594
0.71	0.036837
0.72	0.038206
0.73	0.0397
0.74	0.041319
0.75	0.043062
0.76	0.044931
0.77	0.046925
0.78	0.049044
0.79	0.051287
0.8	0.053656
0.81	0.05615
0.82	0.058769
0.83	0.061512
0.84	0.064381
0.85	0.067375
0.86	0.070494
0.87	0.073737
0.88	0.077106
0.89	0.0806
0.9	0.084219
0.91	0.087962
0.92	0.091831
0.93	0.095825
0.94	0.099944
0.95	0.10419
0.96	0.10856
0.97	0.11305
0.98	0.11767
0.99	0.12241
1	0.12728
1.01	0.13224
1.02	0.13714
1.03	0.14194
1.04	0.14665
1.05	0.15125
1.06	0.15575
1.07	0.16016
1.08	0.16446
1.09	0.16867
1.1	0.17277
1.11	0.17678
1.12	0.18068
1.13	0.18449
1.14	0.18819
1.15	0.1918
1.16	0.1953
1.17	0.19871
1.18	0.20201
1.19	0.20522
1.2	0.20832
1.21	0.21133
1.22	0.21423
1.23	0.21704
1.24	0.21974
1.25	0.22235
1.26	0.22485
1.27	0.22726
1.28	0.22956
1.29	0.23177
1.3	0.23387
1.31	0.23588
1.32	0.23778
1.33	0.23959
1.34	0.24129
1.35	0.2429
1.36	0.2444
1.37	0.24581
1.38	0.24711
1.39	0.24832
1.4	0.24942
1.41	0.25043
1.42	0.25133
1.43	0.25214
1.44	0.25284
1.45	0.25345
1.46	0.25395
1.47	0.25436
1.48	0.25466
1.49	0.25487
1.5	0.25497
1.51	0.255
1.52	0.255
1.53	0.255
1.54	0.255
1.55	0.255
1.56	0.255
1.57	0.255
1.58	0.255
1.59	0.255
1.6	0.255
1.61	0.255
1.62	0.255
1.63	0.255
1.64	0.255
1.65	0.255
1.66	0.255
1.67	0.255
1.68	0.255
1.69	0.255
1.7	0.255
1.71	0.25498
1.72	0.25485
1.73	0.25459
1.74	0.25419
1.75	0.25367
1.76	0.25301
1.77	0.25221
1.78	0.25129
1.79	0.25023
1.8	0.24903
1.81	0.24771
1.82	0.24625
1.83	0.24465
1.84	0.24293
1.85	0.24107
1.86	0.23907
1.87	0.23695
1.88	0.23469
1.89	0.23229
1.9	0.22977
1.91	0.22711
1.92	0.22431
1.93	0.22139
1.94	0.21833
1.95	0.21513
1.96	0.21181
1.97	0.20835
1.98	0.20475
1.99	0.20103
2	0.19717
2.01	0.19322
2.02	0.18935
2.03	0.18561
2.04	0.18201
2.05	0.17853
2.06	0.17519
2.07	0.17199
2.08	0.16891
2.09	0.16597
2.1	0.16317
2.11	0.16049
2.12	0.15795
2.13	0.15555
2.14	0.15327
2.15	0.15113
2.16	0.14913
2.17	0.14725
2.18	0.14551
2.19	0.14391
2.2	0.14243
2.21	0.14109
2.22	0.13989
2.23	0.13881
2.24	0.13787
2.25	0.13707
2.26	0.13639
2.27	0.13585
2.28	0.13545
2.29	0.13517
2.3	0.13503
2.31	0.135
2.32	0.135
2.33	0.135
2.34	0.135
2.35	0.135
2.36	0.135
2.37	0.135
2.38	0.135
2.39	0.135
2.4	0.135
2.41	0.135
2.42	0.135
2.43	0.135
2.44	0.135
2.45	0.135
2.46	0.135
2.47	0.135
2.48	0.135
2.49	0.135
2.5	0.135
2.51	0.13501
2.52	0.13509
2.53	0.13523
2.54	0.13545
2.55	0.13575
2.56	0.13612
2.57	0.13657
2.58	0.13709
2.59	0.13768
2.6	0.13836
2.61	0.1391
2.62	0.13992
2.63	0.14082
2.64	0.14179
2.65	0.14284
2.66	0.14396
2.67	0.14515
2.68	0.14643
2.69	0.14777
2.7	0.14919
2.71	0.15066
2.72	0.15209
2.73	0.15344
2.74	0.15472
2.75	0.15592
2.76	0.15705
2.77	0.15811
2.78	0.15909
2.79	0.15999
2.8	0.16082
2.81	0.16157
2.82	0.16225
2.83	0.16285
2.84	0.16338
2.85	0.16384
2.86	0.16422
2.87	0.16452
2.88	0.16475
2.89	0.1649
2.9	0.16498
2.91	0.165
2.92	0.165
2.93	0.165
2.94	0.165
2.95	0.165
2.96	0.165
2.97	0.165
2.98	0.165
2.99	0.165
3	0.165
