0	0
0.01	0
0.02	0
0.03	0
0.04	0
0.05	0
0.06	0
0.07	0
0.08	0
0.09	0
0.1	0
0.11	1.1388e-05
0.12	0.00018298
0.13	0.0005987
0.14	0.0011707
0.15	0.0018029
0.16	0.0024338
0.17	0.0030299
0.18	0.0035737
0.19	0.0040559
0.2	0.0044709
0.21	0.0048143
0.22	0.0050824
0.23	0.0052713
0.24	0.005377
0.25	0.0053955
0.26	0.00041591
0.27	-0.006408
0.28	-0.01041
0.29	-0.012184
0.3	-0.012611
0.31	-0.012279
0.32	-0.011531
0.33	-0.010558
0.34	-0.0094644
0.35	-0.0083091
0.36	-0.0071247
0.37	-0.0059305
0.38	-0.0047387
0.39	-0.0035581
0.4	-0.0023951
0.41	-0.0011526
0.42	-0.00049663
0.43	-0.00026141
0.44	-0.00017817
0.45	-0.00014697
0.46	-0.00013426
0.47	-0.00012859
0.48	-0.00012582
0.49	-0.00012434
0.5	-0.00012349
0.51	-0.00012296
0.52	-0.0001226
0.53	-0.00012233
0.54	-0.0001221
0.55	-0.00012191
0.56	-0.00012172
0.57	-0.00012155
0.58	-0.00012138
0.59	-0.00012121
0.6	-0.00012105
0.61	-0.00021206
0.62	-0.00027857
0.63	-0.0001647
0.64	7.1405e-05
0.65	0.00035286
0.66	0.00062955
0.67	0.00087413
0.68	0.0010725
0.69	0.0012171
0.7	0.0013033
0.71	0.0013275
0.72	0.0012865
0.73	0.001177
0.74	0.00099548
0.75	0.00073843
0.76	0.00040218
0.77	-1.7007e-05
0.78	-0.00052289
0.79	-0.0011193
0.8	-0.00181
0.81	-0.0025988
0.82	-0.0034896
0.83	-0.004486
0.84	-0.005592
0.85	-0.0068113
0.86	-0.0081476
0.87	-0.0096047
0.88	-0.011186
0.89	-0.012896
0.9	-0.014738
0.91	-0.016715
0.92	-0.018832
0.93	-0.021091
0.94	-0.023497
0.95	-0.026053
0.96	-0.028762
0.97	-0.031629
0.98	-0.034657
0.99	-0.037849
1	-0.041209
1.01	-0.055132
1.02	-0.071619
1.03	-0.081734
1.04	-0.087235
1.05	-0.089987
1.06	-0.091155
1.07	-0.091403
1.08	-0.091104
1.09	-0.090465
1.1	-0.0896
1.11	-0.088574
1.12	-0.087423
1.13	-0.086168
1.14	-0.084823
1.15	-0.083394
1.16	-0.081889
1.17	-0.080312
1.18	-0.078666
1.19	-0.076954
1.2	-0.075181
1.21	-0.073348
1.22	-0.071458
1.23	-0.069515
1.24	-0.067521
1.25	-0.065479
1.26	-0.063392
1.27	-0.061263
1.28	-0.059093
1.29	-0.056887
1.3	-0.054646
1.31	-0.052374
1.32	-0.050073
1.33	-0.047746
1.34	-0.045395
1.35	-0.043024
1.36	-0.040634
1.37	-0.03823
1.38	-0.035812
1.39	-0.033385
1.4	-0.03095
1.41	-0.02851
1.42	-0.026069
1.43	-0.023628
1.44	-0.02119
1.45	-0.018758
1.46	-0.016334
1.47	-0.013922
1.48	-0.011523
1.49	-0.0091403
1.5	-0.0067766
1.51	-0.0049695
1.52	-0.0041818
1.53	-0.0038385
1.54	-0.0036767
1.55	-0.0035952
1.56	-0.0035524
1.57	-0.0035291
1.58	-0.003516
1.59	-0.0035085
1.6	-0.0035041
1.61	-0.0035013
1.62	-0.0034994
1.63	-0.003498
1.64	-0.0034968
1.65	-0.0034959
1.66	-0.003495
1.67	-0.0034941
1.68	-0.0034933
1.69	-0.0034925
1.7	-0.0034917
1.71	-0.0026415
1.72	-0.00066818
1.73	0.0018319
1.74	0.004613
1.75	0.0075158
1.76	0.010446
1.77	0.013353
1.78	0.016209
1.79	0.019
1.8	0.021717
1.81	0.024353
1.82	0.026905
1.83	0.029368
1.84	0.031737
1.85	0.034009
1.86	0.036179
1.87	0.038244
1.88	0.040197
1.89	0.042037
1.9	0.043757
1.91	0.045355
1.92	0.046825
1.93	0.048163
1.94	0.049366
1.95	0.050428
1.96	0.051346
1.97	0.052115
1.98	0.052731
1.99	0.053191
2	0.053489
2.01	0.042009
2.02	0.025853
2.03	0.015122
2.04	0.0085585
2.05	0.0045053
2.06	0.001899
2.07	0.00012743
2.08	-0.0011513
2.09	-0.0021267
2.1	-0.0029036
2.11	-0.0035412
2.12	-0.0040735
2.13	-0.0045211
2.14	-0.0048972
2.15	-0.0052112
2.16	-0.0054703
2.17	-0.0056806
2.18	-0.0058476
2.19	-0.0059764
2.2	-0.006072
2.21	-0.0061393
2.22	-0.0061831
2.23	-0.0062081
2.24	-0.0062191
2.25	-0.0062208
2.26	-0.0062179
2.27	-0.0062152
2.28	-0.0062171
2.29	-0.0062286
2.3	-0.0062541
2.31	-0.0057825
2.32	-0.0054177
2.33	-0.0053286
2.34	-0.0053246
2.35	-0.0053368
2.36	-0.0053478
2.37	-0.0053549
2.38	-0.0053589
2.39	-0.0053608
2.4	-0.0053614
2.41	-0.0053614
2.42	-0.0053609
2.43	-0.0053602
2.44	-0.0053593
2.45	-0.0053584
2.46	-0.0053575
2.47	-0.0053565
2.48	-0.0053556
2.49	-0.0053546
2.5	-0.0053536
2.51	-0.0055104
2.52	-0.0058023
2.53	-0.0060715
2.54	-0.0063153
2.55	-0.0065518
2.56	-0.0067941
2.57	-0.0070494
2.58	-0.0073214
2.59	-0.007612
2.6	-0.0079222
2.61	-0.0082532
2.62	-0.0086061
2.63	-0.0089818
2.64	-0.0093817
2.65	-0.009807
2.66	-0.010259
2.67	-0.010739
2.68	-0.011249
2.69	-0.011789
2.7	-0.012361
2.71	-0.014761
2.72	-0.017503
2.73	-0.018918
2.74	-0.01935
2.75	-0.019196
2.76	-0.018711
2.77	-0.018041
2.78	-0.017268
2.79	-0.016436
2.8	-0.015572
2.81	-0.01469
2.82	-0.013796
2.83	-0.012898
2.84	-0.011997
2.85	-0.011096
2.86	-0.010198
2.87	-0.0093038
2.88	-0.0084153
2.89	-0.0075341
2.9	-0.0066615
2.91	-0.0059407
2.92	-0.0056084
2.93	-0.0054707
2.94	-0.0054094
2.95	-0.0053797
2.96	-0.0053642
2.97	-0.0053556
2.98	-0.0053504
2.99	-0.0053471
3	-0.0053447
