0	0
0.001	-2.44E-033
0.002	2.79E-036
0.003	-1.70E-023
0.004	-3.96E-023
0.005	-6.13E-023
0.006	5.30E-021
0.007	-1.12E-020
0.008	-7.34E-020
0.009	-1.40E-019
0.01	-2.04E-019
0.011	-2.65E-019
0.012	-1.30E-019
0.013	-4.01E-021
0.014	1.64E-019
0.015	3.18E-019
0.016	4.60E-019
0.017	6.17E-019
0.018	6.84E-019
0.019	7.89E-019
0.02	8.41E-019
0.021	8.29E-019
0.022	8.15E-019
0.023	8.26E-019
0.024	8.34E-019
0.025	8.75E-019
0.026	8.58E-019
0.027	8.46E-019
0.028	8.25E-019
0.029	8.01E-019
0.03	7.75E-019
0.031	7.50E-019
0.032	7.13E-019
0.033	6.58E-019
0.034	5.38E-019
0.035	4.22E-019
0.036	3.03E-019
0.037	1.68E-019
0.038	7.55E-020
0.039	-1.36E-020
0.04	-7.50E-020
0.041	-1.40E-019
0.042	-2.36E-019
0.043	-3.77E-019
0.044	-5.11E-019
0.045	-6.24E-019
0.046	-6.56E-019
0.047	-6.84E-019
0.048	-7.10E-019
0.049	-7.39E-019
0.05	-8.15E-019
0.051	-8.69E-019
0.052	-9.13E-019
0.053	-9.57E-019
0.054	-9.99E-019
0.055	-1.04E-018
0.056	-1.10E-018
0.057	-1.17E-018
0.058	-1.31E-018
0.059	-1.48E-018
0.06	-1.66E-018
0.061	-1.83E-018
0.062	-1.99E-018
0.063	-2.06E-018
0.064	-2.22E-018
0.065	-2.39E-018
0.066	-2.64E-018
0.067	-2.90E-018
0.068	-3.16E-018
0.069	-3.39E-018
0.07	-3.56E-018
0.071	-3.79E-018
0.072	-3.97E-018
0.073	-4.13E-018
0.074	-4.29E-018
0.075	-4.43E-018
0.076	-4.55E-018
0.077	-4.66E-018
0.078	-4.79E-018
0.079	-4.95E-018
0.08	-5.10E-018
0.081	-5.24E-018
0.082	-5.37E-018
0.083	-5.48E-018
0.084	-5.59E-018
0.085	-5.74E-018
0.086	-5.90E-018
0.087	-6.06E-018
0.088	-6.21E-018
0.089	-6.34E-018
0.09	-6.48E-018
0.091	-6.57E-018
0.092	-6.64E-018
0.093	-6.70E-018
0.094	-6.76E-018
0.095	-6.80E-018
0.096	-6.85E-018
0.097	-6.91E-018
0.098	-6.99E-018
0.099	-7.05E-018
0.1	-7.08E-018
0.101	-7.10E-018
0.102	1.10E-009
0.103	6.82E-009
0.104	2.05E-008
0.105	4.50E-008
0.106	8.29E-008
0.107	1.36E-007
0.108	2.07E-007
0.109	2.96E-007
0.11	4.06E-007
0.111	5.37E-007
0.112	6.89E-007
0.113	8.63E-007
0.114	1.06E-006
0.115	1.28E-006
0.116	1.52E-006
0.117	1.78E-006
0.118	2.07E-006
0.119	2.37E-006
0.12	2.70E-006
0.121	3.04E-006
0.122	3.40E-006
0.123	3.78E-006
0.124	4.17E-006
0.125	4.58E-006
0.126	5.00E-006
0.127	5.44E-006
0.128	5.88E-006
0.129	6.33E-006
0.13	6.79E-006
0.131	7.26E-006
0.132	7.73E-006
0.133	8.20E-006
0.134	8.67E-006
0.135	9.14E-006
0.136	9.61E-006
0.137	1.01E-005
0.138	1.05E-005
0.139	1.10E-005
0.14	1.14E-005
0.141	1.19E-005
0.142	1.23E-005
0.143	1.27E-005
0.144	1.31E-005
0.145	1.35E-005
0.146	1.38E-005
0.147	1.42E-005
0.148	1.45E-005
0.149	1.48E-005
0.15	1.50E-005
0.151	1.53E-005
0.152	1.55E-005
0.153	1.57E-005
0.154	1.59E-005
0.155	1.60E-005
0.156	1.61E-005
0.157	1.62E-005
0.158	1.62E-005
0.159	1.62E-005
0.16	1.62E-005
0.161	1.61E-005
0.162	1.60E-005
0.163	1.59E-005
0.164	1.57E-005
0.165	1.55E-005
0.166	1.52E-005
0.167	1.49E-005
0.168	1.46E-005
0.169	1.42E-005
0.17	1.38E-005
0.171	1.33E-005
0.172	1.28E-005
0.173	1.23E-005
0.174	1.17E-005
0.175	1.11E-005
0.176	1.04E-005
0.177	9.65E-006
0.178	8.88E-006
0.179	8.07E-006
0.18	7.21E-006
0.181	6.30E-006
0.182	5.35E-006
0.183	4.35E-006
0.184	3.31E-006
0.185	2.22E-006
0.186	1.09E-006
0.187	-8.72E-008
0.188	-1.31E-006
0.189	-2.58E-006
0.19	-3.89E-006
0.191	-5.25E-006
0.192	-6.65E-006
0.193	-8.10E-006
0.194	-9.59E-006
0.195	-1.11E-005
0.196	-1.27E-005
0.197	-1.43E-005
0.198	-1.60E-005
0.199	-1.77E-005
0.2	-1.94E-005
0.201	-2.12E-005
0.202	-2.31E-005
0.203	-2.49E-005
0.204	-2.69E-005
0.205	-2.88E-005
0.206	-3.08E-005
0.207	-3.28E-005
0.208	-3.49E-005
0.209	-3.70E-005
0.21	-3.92E-005
0.211	-4.14E-005
0.212	-4.36E-005
0.213	-4.59E-005
0.214	-4.81E-005
0.215	-5.05E-005
0.216	-5.28E-005
0.217	-5.52E-005
0.218	-5.77E-005
0.219	-6.01E-005
0.22	-6.26E-005
0.221	-6.52E-005
0.222	-6.77E-005
0.223	-7.03E-005
0.224	-7.29E-005
0.225	-7.56E-005
0.226	-7.83E-005
0.227	-8.10E-005
0.228	-8.37E-005
0.229	-8.65E-005
0.23	-8.93E-005
0.231	-9.21E-005
0.232	-9.49E-005
0.233	-9.78E-005
0.234	-0.0001006816
0.235	-0.0001035937
0.236	-0.0001065285
0.237	-0.0001094856
0.238	-0.0001124641
0.239	-0.0001154637
0.24	-0.0001184837
0.241	-0.0001215234
0.242	-0.0001245824
0.243	-0.00012766
0.244	-0.0001307556
0.245	-0.0001338687
0.246	-0.0001369988
0.247	-0.0001401451
0.248	-0.0001433073
0.249	-0.0001464847
0.25	-0.0001496767
0.251	-0.0001528829
0.252	-0.0001561026
0.253	-0.0001593354
0.254	-0.0001625808
0.255	-0.0001658381
0.256	-0.0001691069
0.257	-0.0001723867
0.258	-0.0001756769
0.259	-0.0001789771
0.26	-0.0001822868
0.261	-0.0001856055
0.262	-0.0001889326
0.263	-0.0001922678
0.264	-0.0001956106
0.265	-0.0001989605
0.266	-0.000202317
0.267	-0.0002056798
0.268	-0.0002090483
0.269	-0.0002124222
0.27	-0.000215801
0.271	-0.0002191842
0.272	-0.0002225716
0.273	-0.0002259627
0.274	-0.000229357
0.275	-0.0002327543
0.276	-0.000236154
0.277	-0.000239556
0.278	-0.0002429597
0.279	-0.0002463648
0.28	-0.000249771
0.281	-0.0002531779
0.282	-0.0002565852
0.283	-0.0002599926
0.284	-0.0002633997
0.285	-0.0002668062
0.286	-0.0002702118
0.287	-0.0002736162
0.288	-0.0002770191
0.289	-0.0002804203
0.29	-0.0002838194
0.291	-0.0002872161
0.292	-0.0002906103
0.293	-0.0002940016
0.294	-0.0002973898
0.295	-0.0003007746
0.296	-0.0003041558
0.297	-0.0003075331
0.298	-0.0003109064
0.299	-0.0003142755
0.3	-0.00031764
0.301	-0.0003209998
0.302	-0.0003243547
0.303	-0.0003277045
0.304	-0.000331049
0.305	-0.000334388
0.306	-0.0003377213
0.307	-0.0003410489
0.308	-0.0003443704
0.309	-0.0003476858
0.31	-0.0003509949
0.311	-0.0003542975
0.312	-0.0003575935
0.313	-0.0003608828
0.314	-0.0003641652
0.315	-0.0003674407
0.316	-0.000370709
0.317	-0.0003739701
0.318	-0.0003772238
0.319	-0.0003804701
0.32	-0.0003837089
0.321	-0.00038694
0.322	-0.0003901634
0.323	-0.0003933789
0.324	-0.0003965866
0.325	-0.0003997863
0.326	-0.0004029779
0.327	-0.0004061614
0.328	-0.0004093367
0.329	-0.0004125038
0.33	-0.0004156625
0.331	-0.0004188129
0.332	-0.000421955
0.333	-0.0004250885
0.334	-0.0004282136
0.335	-0.0004313302
0.336	-0.0004344382
0.337	-0.0004375376
0.338	-0.0004406285
0.339	-0.0004437107
0.34	-0.0004467842
0.341	-0.0004498491
0.342	-0.0004529053
0.343	-0.0004559528
0.344	-0.0004589917
0.345	-0.0004620218
0.346	-0.0004650433
0.347	-0.000468056
0.348	-0.0004710601
0.349	-0.0004740555
0.35	-0.0004770423
0.351	-0.0004800204
0.352	-0.0004829898
0.353	-0.0004859506
0.354	-0.0004889029
0.355	-0.0004918466
0.356	-0.0004947817
0.357	-0.0004977083
0.358	-0.0005006264
0.359	-0.0005035361
0.36	-0.0005064373
0.361	-0.0005093301
0.362	-0.0005122146
0.363	-0.0005150908
0.364	-0.0005179587
0.365	-0.0005208184
0.366	-0.0005236699
0.367	-0.0005265133
0.368	-0.0005293486
0.369	-0.0005321758
0.37	-0.000534995
0.371	-0.0005378063
0.372	-0.0005406097
0.373	-0.0005434053
0.374	-0.0005461931
0.375	-0.0005489732
0.376	-0.0005517456
0.377	-0.0005545105
0.378	-0.0005572677
0.379	-0.0005600175
0.38	-0.0005627599
0.381	-0.0005654949
0.382	-0.0005682226
0.383	-0.0005709431
0.384	-0.0005736564
0.385	-0.0005763626
0.386	-0.0005790617
0.387	-0.0005817539
0.388	-0.0005844392
0.389	-0.0005871177
0.39	-0.0005897893
0.391	-0.0005924543
0.392	-0.0005951127
0.393	-0.0005977645
0.394	-0.0006004098
0.395	-0.0006030486
0.396	-0.0006056812
0.397	-0.0006083074
0.398	-0.0006109275
0.399	-0.0006135414
0.4	-0.0006161492
0.401	-0.000618751
0.402	-0.000621347
0.403	-0.000623937
0.404	-0.0006265213
0.405	-0.0006290999
0.406	-0.0006316728
0.407	-0.0006342402
0.408	-0.0006368021
0.409	-0.0006393585
0.41	-0.0006419096
0.411	-0.0006444554
0.412	-0.000646996
0.413	-0.0006495315
0.414	-0.0006520619
0.415	-0.0006545873
0.416	-0.0006571078
0.417	-0.0006596234
0.418	-0.0006621343
0.419	-0.0006646404
0.42	-0.0006671419
0.421	-0.0006696388
0.422	-0.0006721312
0.423	-0.0006746191
0.424	-0.0006771027
0.425	-0.000679582
0.426	-0.000682057
0.427	-0.0006845278
0.428	-0.0006869946
0.429	-0.0006894573
0.43	-0.000691916
0.431	-0.0006943709
0.432	-0.0006968219
0.433	-0.0006992691
0.434	-0.0007017126
0.435	-0.0007041524
0.436	-0.0007065887
0.437	-0.0007090214
0.438	-0.0007114506
0.439	-0.0007138765
0.44	-0.000716299
0.441	-0.0007187182
0.442	-0.0007211342
0.443	-0.000723547
0.444	-0.0007259568
0.445	-0.0007283635
0.446	-0.0007307671
0.447	-0.0007331679
0.448	-0.0007355658
0.449	-0.0007379608
0.45	-0.0007403531
0.451	-0.0007427427
0.452	-0.0007451296
0.453	-0.0007475139
0.454	-0.0007498957
0.455	-0.000752275
0.456	-0.0007546518
0.457	-0.0007570262
0.458	-0.0007593983
0.459	-0.000761768
0.46	-0.0007641356
0.461	-0.0007665009
0.462	-0.0007688641
0.463	-0.0007712252
0.464	-0.0007735842
0.465	-0.0007759412
0.466	-0.0007782962
0.467	-0.0007806494
0.468	-0.0007830006
0.469	-0.0007853501
0.47	-0.0007876977
0.471	-0.0007900436
0.472	-0.0007923878
0.473	-0.0007947303
0.474	-0.0007970712
0.475	-0.0007994105
0.476	-0.0008017483
0.477	-0.0008040846
0.478	-0.0008064194
0.479	-0.0008087528
0.48	-0.0008110848
0.481	-0.0008134155
0.482	-0.0008157448
0.483	-0.0008180729
0.484	-0.0008203997
0.485	-0.0008227254
0.486	-0.0008250498
0.487	-0.0008273731
0.488	-0.0008296953
0.489	-0.0008320164
0.49	-0.0008343365
0.491	-0.0008366556
0.492	-0.0008389736
0.493	-0.0008412908
0.494	-0.000843607
0.495	-0.0008459223
0.496	-0.0008482367
0.497	-0.0008505504
0.498	-0.0008528632
0.499	-0.0008551752
0.5	-0.0008574865
0.501	-0.000859797
0.502	-0.0008621069
0.503	-0.000864416
0.504	-0.0008667245
0.505	-0.0008690324
0.506	-0.0008713397
0.507	-0.0008736464
0.508	-0.0008759525
0.509	-0.0008782581
0.51	-0.0008805632
0.511	-0.0008828678
0.512	-0.000885172
0.513	-0.0008874756
0.514	-0.0008897789
0.515	-0.0008920817
0.516	-0.0008943842
0.517	-0.0008966862
0.518	-0.000898988
0.519	-0.0009012893
0.52	-0.0009035904
0.521	-0.0009058912
0.522	-0.0009081916
0.523	-0.0009104919
0.524	-0.0009127918
0.525	-0.0009150915
0.526	-0.000917391
0.527	-0.0009196903
0.528	-0.0009219895
0.529	-0.0009242884
0.53	-0.0009265872
0.531	-0.0009288858
0.532	-0.0009311843
0.533	-0.0009334826
0.534	-0.0009357809
0.535	-0.000938079
0.536	-0.0009403771
0.537	-0.0009426751
0.538	-0.000944973
0.539	-0.0009472709
0.54	-0.0009495688
0.541	-0.0009518666
0.542	-0.0009541644
0.543	-0.0009564622
0.544	-0.00095876
0.545	-0.0009610578
0.546	-0.0009633556
0.547	-0.0009656534
0.548	-0.0009679513
0.549	-0.0009702492
0.55	-0.0009725472
0.551	-0.0009748452
0.552	-0.0009771433
0.553	-0.0009794415
0.554	-0.0009817397
0.555	-0.0009840381
0.556	-0.0009863365
0.557	-0.000988635
0.558	-0.0009909337
0.559	-0.0009932324
0.56	-0.0009955313
0.561	-0.0009978303
0.562	-0.0010001294
0.563	-0.0010024287
0.564	-0.0010047281
0.565	-0.0010070276
0.566	-0.0010093273
0.567	-0.0010116272
0.568	-0.0010139272
0.569	-0.0010162274
0.57	-0.0010185277
0.571	-0.0010208282
0.572	-0.0010231289
0.573	-0.0010254297
0.574	-0.0010277307
0.575	-0.0010300319
0.576	-0.0010323333
0.577	-0.0010346349
0.578	-0.0010369367
0.579	-0.0010392386
0.58	-0.0010415408
0.581	-0.0010438432
0.582	-0.0010461457
0.583	-0.0010484485
0.584	-0.0010507514
0.585	-0.0010530546
0.586	-0.0010553579
0.587	-0.0010576615
0.588	-0.0010599653
0.589	-0.0010622692
0.59	-0.0010645734
0.591	-0.0010668778
0.592	-0.0010691825
0.593	-0.0010714873
0.594	-0.0010737923
0.595	-0.0010760976
0.596	-0.001078403
0.597	-0.0010807087
0.598	-0.0010830146
0.599	-0.0010853207
0.6	-0.0010876271
0.601	-0.0010899336
0.602	-0.0010922404
0.603	-0.0010945473
0.604	-0.0010968545
0.605	-0.0010991619
0.606	-0.0011014696
0.607	-0.0011037774
0.608	-0.0011060854
0.609	-0.0011083937
0.61	-0.0011107021
0.611	-0.0011130108
0.612	-0.0011153197
0.613	-0.0011176288
0.614	-0.0011199381
0.615	-0.0011222476
0.616	-0.0011245574
0.617	-0.0011268673
0.618	-0.0011291774
0.619	-0.0011314878
0.62	-0.0011337983
0.621	-0.0011361091
0.622	-0.00113842
0.623	-0.0011407311
0.624	-0.0011430425
0.625	-0.001145354
0.626	-0.0011476658
0.627	-0.0011499777
0.628	-0.0011522898
0.629	-0.0011546021
0.63	-0.0011569146
0.631	-0.0011592273
0.632	-0.0011615402
0.633	-0.0011638533
0.634	-0.0011661665
0.635	-0.00116848
0.636	-0.0011707936
0.637	-0.0011731074
0.638	-0.0011754213
0.639	-0.0011777355
0.64	-0.0011800498
0.641	-0.0011823643
0.642	-0.001184679
0.643	-0.0011869938
0.644	-0.0011893088
0.645	-0.001191624
0.646	-0.0011939393
0.647	-0.0011962548
0.648	-0.0011985705
0.649	-0.0012008863
0.65	-0.0012032022
0.651	-0.0012055184
0.652	-0.0012078347
0.653	-0.0012101511
0.654	-0.0012124677
0.655	-0.0012147844
0.656	-0.0012171013
0.657	-0.0012194183
0.658	-0.0012217355
0.659	-0.0012240528
0.66	-0.0012263702
0.661	-0.0012286878
0.662	-0.0012310055
0.663	-0.0012333234
0.664	-0.0012356414
0.665	-0.0012379595
0.666	-0.0012402778
0.667	-0.0012425961
0.668	-0.0012449146
0.669	-0.0012472333
0.67	-0.001249552
0.671	-0.0012518709
0.672	-0.0012541899
0.673	-0.001256509
0.674	-0.0012588282
0.675	-0.0012611475
0.676	-0.001263467
0.677	-0.0012657865
0.678	-0.0012681062
0.679	-0.001270426
0.68	-0.0012727458
0.681	-0.0012750658
0.682	-0.0012773859
0.683	-0.0012797061
0.684	-0.0012820264
0.685	-0.0012843467
0.686	-0.0012866672
0.687	-0.0012889878
0.688	-0.0012913084
0.689	-0.0012936292
0.69	-0.00129595
0.691	-0.001298271
0.692	-0.001300592
0.693	-0.0013029131
0.694	-0.0013052343
0.695	-0.0013075555
0.696	-0.0013098769
0.697	-0.0013121983
0.698	-0.0013145198
0.699	-0.0013168414
0.7	-0.001319163
0.701	-0.0013214848
0.702	-0.0013238066
0.703	-0.0013261284
0.704	-0.0013284504
0.705	-0.0013307724
0.706	-0.0013330945
0.707	-0.0013354166
0.708	-0.0013377388
0.709	-0.0013400611
0.71	-0.0013423834
0.711	-0.0013447058
0.712	-0.0013470283
0.713	-0.0013493508
0.714	-0.0013516733
0.715	-0.001353996
0.716	-0.0013563186
0.717	-0.0013586414
0.718	-0.0013609642
0.719	-0.001363287
0.72	-0.0013656099
0.721	-0.0013679328
0.722	-0.0013702558
0.723	-0.0013725788
0.724	-0.0013749019
0.725	-0.001377225
0.726	-0.0013795482
0.727	-0.0013818714
0.728	-0.0013841947
0.729	-0.0013865179
0.73	-0.0013888413
0.731	-0.0013911646
0.732	-0.0013934881
0.733	-0.0013958115
0.734	-0.001398135
0.735	-0.0014004585
0.736	-0.0014027821
0.737	-0.0014051056
0.738	-0.0014074293
0.739	-0.0014097529
0.74	-0.0014120766
0.741	-0.0014144003
0.742	-0.001416724
0.743	-0.0014190478
0.744	-0.0014213716
0.745	-0.0014236954
0.746	-0.0014260193
0.747	-0.0014283432
0.748	-0.0014306671
0.749	-0.001432991
0.75	-0.001435315
0.751	-0.0014376389
0.752	-0.0014399629
0.753	-0.001442287
0.754	-0.001444611
0.755	-0.0014469351
0.756	-0.0014492591
0.757	-0.0014515832
0.758	-0.0014539074
0.759	-0.0014562315
0.76	-0.0014585557
0.761	-0.0014608798
0.762	-0.001463204
0.763	-0.0014655282
0.764	-0.0014678524
0.765	-0.0014701767
0.766	-0.0014725009
0.767	-0.0014748252
0.768	-0.0014771495
0.769	-0.0014794738
0.77	-0.0014817981
0.771	-0.0014841224
0.772	-0.0014864467
0.773	-0.001488771
0.774	-0.0014910954
0.775	-0.0014934197
0.776	-0.0014957441
0.777	-0.0014980685
0.778	-0.0015003929
0.779	-0.0015027173
0.78	-0.0015050417
0.781	-0.0015073661
0.782	-0.0015096905
0.783	-0.0015120149
0.784	-0.0015143394
0.785	-0.0015166638
0.786	-0.0015189882
0.787	-0.0015213127
0.788	-0.0015236371
0.789	-0.0015259616
0.79	-0.0015282861
0.791	-0.0015306105
0.792	-0.001532935
0.793	-0.0015352595
0.794	-0.001537584
0.795	-0.0015399085
0.796	-0.001542233
0.797	-0.0015445575
0.798	-0.001546882
0.799	-0.0015492065
0.8	-0.001551531
0.801	-0.0015538555
0.802	-0.00155618
0.803	-0.0015585045
0.804	-0.001560829
0.805	-0.0015631535
0.806	-0.001565478
0.807	-0.0015678025
0.808	-0.0015701271
0.809	-0.0015724516
0.81	-0.0015747761
0.811	-0.0015771006
0.812	-0.0015794251
0.813	-0.0015817496
0.814	-0.0015840742
0.815	-0.0015863987
0.816	-0.0015887232
0.817	-0.0015910477
0.818	-0.0015933722
0.819	-0.0015956967
0.82	-0.0015980213
0.821	-0.0016003458
0.822	-0.0016026703
0.823	-0.0016049948
0.824	-0.0016073193
0.825	-0.0016096438
0.826	-0.0016119683
0.827	-0.0016142928
0.828	-0.0016166173
0.829	-0.0016189418
0.83	-0.0016212663
0.831	-0.0016235908
0.832	-0.0016259153
0.833	-0.0016282398
0.834	-0.0016305643
0.835	-0.0016328888
0.836	-0.0016352133
0.837	-0.0016375378
0.838	-0.0016398623
0.839	-0.0016421868
0.84	-0.0016445112
0.841	-0.0016468357
0.842	-0.0016491602
0.843	-0.0016514847
0.844	-0.0016538091
0.845	-0.0016561336
0.846	-0.0016584581
0.847	-0.0016607825
0.848	-0.001663107
0.849	-0.0016654315
0.85	-0.0016677559
0.851	-0.0016700804
0.852	-0.0016724048
0.853	-0.0016747293
0.854	-0.0016770537
0.855	-0.0016793782
0.856	-0.0016817026
0.857	-0.001684027
0.858	-0.0016863515
0.859	-0.0016886759
0.86	-0.0016910003
0.861	-0.0016933248
0.862	-0.0016956492
0.863	-0.0016979736
0.864	-0.001700298
0.865	-0.0017026225
0.866	-0.0017049469
0.867	-0.0017072713
0.868	-0.0017095957
0.869	-0.0017119201
0.87	-0.0017142445
0.871	-0.0017165689
0.872	-0.0017188933
0.873	-0.0017212177
0.874	-0.0017235421
0.875	-0.0017258665
0.876	-0.0017281909
0.877	-0.0017305153
0.878	-0.0017328397
0.879	-0.0017351641
0.88	-0.0017374884
0.881	-0.0017398128
0.882	-0.0017421372
0.883	-0.0017444616
0.884	-0.0017467859
0.885	-0.0017491103
0.886	-0.0017514347
0.887	-0.001753759
0.888	-0.0017560834
0.889	-0.0017584078
0.89	-0.0017607321
0.891	-0.0017630565
0.892	-0.0017653809
0.893	-0.0017677052
0.894	-0.0017700296
0.895	-0.0017723539
0.896	-0.0017746783
0.897	-0.0017770026
0.898	-0.001779327
0.899	-0.0017816513
0.9	-0.0017839757
0.901	-0.0017863
0.902	-0.0017886243
0.903	-0.0017909487
0.904	-0.001793273
0.905	-0.0017955974
0.906	-0.0017979217
0.907	-0.001800246
0.908	-0.0018025704
0.909	-0.0018048947
0.91	-0.001807219
0.911	-0.0018095434
0.912	-0.0018118677
0.913	-0.001814192
0.914	-0.0018165163
0.915	-0.0018188407
0.916	-0.001821165
0.917	-0.0018234893
0.918	-0.0018258136
0.919	-0.001828138
0.92	-0.0018304623
0.921	-0.0018327866
0.922	-0.0018351109
0.923	-0.0018374352
0.924	-0.0018397596
0.925	-0.0018420839
0.926	-0.0018444082
0.927	-0.0018467325
0.928	-0.0018490568
0.929	-0.0018513812
0.93	-0.0018537055
0.931	-0.0018560298
0.932	-0.0018583541
0.933	-0.0018606784
0.934	-0.0018630028
0.935	-0.0018653271
0.936	-0.0018676514
0.937	-0.0018699757
0.938	-0.0018723
0.939	-0.0018746244
0.94	-0.0018769487
0.941	-0.001879273
0.942	-0.0018815973
0.943	-0.0018839216
0.944	-0.001886246
0.945	-0.0018885703
0.946	-0.0018908946
0.947	-0.0018932189
0.948	-0.0018955432
0.949	-0.0018978676
0.95	-0.0019001919
0.951	-0.0019025162
0.952	-0.0019048405
0.953	-0.0019071649
0.954	-0.0019094892
0.955	-0.0019118135
0.956	-0.0019141378
0.957	-0.0019164622
0.958	-0.0019187865
0.959	-0.0019211108
0.96	-0.0019234352
0.961	-0.0019257595
0.962	-0.0019280838
0.963	-0.0019304082
0.964	-0.0019327325
0.965	-0.0019350568
0.966	-0.0019373812
0.967	-0.0019397055
0.968	-0.0019420298
0.969	-0.0019443542
0.97	-0.0019466785
0.971	-0.0019490029
0.972	-0.0019513272
0.973	-0.0019536516
0.974	-0.0019559759
0.975	-0.0019583003
0.976	-0.0019606246
0.977	-0.001962949
0.978	-0.0019652733
0.979	-0.0019675977
0.98	-0.001969922
0.981	-0.0019722464
0.982	-0.0019745708
0.983	-0.0019768951
0.984	-0.0019792195
0.985	-0.0019815439
0.986	-0.0019838682
0.987	-0.0019861926
0.988	-0.001988517
0.989	-0.0019908414
0.99	-0.0019931657
0.991	-0.0019954901
0.992	-0.0019978145
0.993	-0.0020001389
0.994	-0.0020024633
0.995	-0.0020047876
0.996	-0.002007112
0.997	-0.0020094364
0.998	-0.0020117608
0.999	-0.0020140852
1	-0.0020164096
1.001	-0.002018734
1.002	-0.0020210584
1.003	-0.0020233828
1.004	-0.0020257072
1.005	-0.0020280316
1.006	-0.0020303561
1.007	-0.0020326805
1.008	-0.0020350049
1.009	-0.0020373293
1.01	-0.0020396537
1.011	-0.0020419782
1.012	-0.0020443026
1.013	-0.002046627
1.014	-0.0020489514
1.015	-0.0020512759
1.016	-0.0020536003
1.017	-0.0020559248
1.018	-0.0020582492
1.019	-0.0020605736
1.02	-0.0020628981
1.021	-0.0020652225
1.022	-0.002067547
1.023	-0.0020698715
1.024	-0.0020721959
1.025	-0.0020745204
1.026	-0.0020768448
1.027	-0.0020791693
1.028	-0.0020814938
1.029	-0.0020838183
1.03	-0.0020861427
1.031	-0.0020884672
1.032	-0.0020907917
1.033	-0.0020931162
1.034	-0.0020954407
1.035	-0.0020977652
1.036	-0.0021000897
1.037	-0.0021024141
1.038	-0.0021047386
1.039	-0.0021070632
1.04	-0.0021093877
1.041	-0.0021117122
1.042	-0.0021140367
1.043	-0.0021163612
1.044	-0.0021186857
1.045	-0.0021210102
1.046	-0.0021233348
1.047	-0.0021256593
1.048	-0.0021279838
1.049	-0.0021303084
1.05	-0.0021326329
1.051	-0.0021349574
1.052	-0.002137282
1.053	-0.0021396065
1.054	-0.0021419311
1.055	-0.0021442556
1.056	-0.0021465802
1.057	-0.0021489048
1.058	-0.0021512293
1.059	-0.0021535539
1.06	-0.0021558785
1.061	-0.002158203
1.062	-0.0021605276
1.063	-0.0021628522
1.064	-0.0021651768
1.065	-0.0021675014
1.066	-0.002169826
1.067	-0.0021721506
1.068	-0.0021744752
1.069	-0.0021767998
1.07	-0.0021791244
1.071	-0.002181449
1.072	-0.0021837736
1.073	-0.0021860982
1.074	-0.0021884228
1.075	-0.0021907474
1.076	-0.0021930721
1.077	-0.0021953967
1.078	-0.0021977213
1.079	-0.002200046
1.08	-0.0022023706
1.081	-0.0022046953
1.082	-0.0022070199
1.083	-0.0022093446
1.084	-0.0022116692
1.085	-0.0022139939
1.086	-0.0022163186
1.087	-0.0022186432
1.088	-0.0022209679
1.089	-0.0022232926
1.09	-0.0022256172
1.091	-0.0022279419
1.092	-0.0022302666
1.093	-0.0022325913
1.094	-0.002234916
1.095	-0.0022372407
1.096	-0.0022395654
1.097	-0.0022418901
1.098	-0.0022442148
1.099	-0.0022465395
1.1	-0.0022488642
1.101	-0.002251189
1.102	-0.0022535137
1.103	-0.0022558384
1.104	-0.0022581631
1.105	-0.0022604879
1.106	-0.0022628126
1.107	-0.0022651374
1.108	-0.0022674621
1.109	-0.0022697869
1.11	-0.0022721116
1.111	-0.0022744364
1.112	-0.0022767611
1.113	-0.0022790859
1.114	-0.0022814107
1.115	-0.0022837355
1.116	-0.0022860602
1.117	-0.002288385
1.118	-0.0022907098
1.119	-0.0022930346
1.12	-0.0022953594
1.121	-0.0022976842
1.122	-0.002300009
1.123	-0.0023023338
1.124	-0.0023046586
1.125	-0.0023069834
1.126	-0.0023093082
1.127	-0.0023116331
1.128	-0.0023139579
1.129	-0.0023162827
1.13	-0.0023186076
1.131	-0.0023209324
1.132	-0.0023232573
1.133	-0.0023255821
1.134	-0.002327907
1.135	-0.0023302318
1.136	-0.0023325567
1.137	-0.0023348815
1.138	-0.0023372064
1.139	-0.0023395313
1.14	-0.0023418562
1.141	-0.002344181
1.142	-0.0023465059
1.143	-0.0023488308
1.144	-0.0023511557
1.145	-0.0023534806
1.146	-0.0023558055
1.147	-0.0023581304
1.148	-0.0023604553
1.149	-0.0023627802
1.15	-0.0023651052
1.151	-0.0023674301
1.152	-0.002369755
1.153	-0.00237208
1.154	-0.0023744049
1.155	-0.0023767298
1.156	-0.0023790548
1.157	-0.0023813797
1.158	-0.0023837047
1.159	-0.0023860296
1.16	-0.0023883546
1.161	-0.0023906796
1.162	-0.0023930046
1.163	-0.0023953295
1.164	-0.0023976545
1.165	-0.0023999795
1.166	-0.0024023045
1.167	-0.0024046295
1.168	-0.0024069545
1.169	-0.0024092795
1.17	-0.0024116045
1.171	-0.0024139295
1.172	-0.0024162545
1.173	-0.0024185795
1.174	-0.0024209046
1.175	-0.0024232296
1.176	-0.0024255546
1.177	-0.0024278797
1.178	-0.0024302047
1.179	-0.0024325297
1.18	-0.0024348548
1.181	-0.0024371799
1.182	-0.0024395049
1.183	-0.00244183
1.184	-0.0024441551
1.185	-0.0024464801
1.186	-0.0024488052
1.187	-0.0024511303
1.188	-0.0024534554
1.189	-0.0024557805
1.19	-0.0024581056
1.191	-0.0024604307
1.192	-0.0024627558
1.193	-0.0024650809
1.194	-0.002467406
1.195	-0.0024697311
1.196	-0.0024720562
1.197	-0.0024743814
1.198	-0.0024767065
1.199	-0.0024790316
1.2	-0.0024813568
1.201	-0.0024836819
1.202	-0.0024860071
1.203	-0.0024883322
1.204	-0.0024906574
1.205	-0.0024929826
1.206	-0.0024953077
1.207	-0.0024976329
1.208	-0.0024999581
1.209	-0.0025022833
1.21	-0.0025046085
1.211	-0.0025069337
1.212	-0.0025092589
1.213	-0.0025115841
1.214	-0.0025139093
1.215	-0.0025162345
1.216	-0.0025185597
1.217	-0.0025208849
1.218	-0.0025232102
1.219	-0.0025255354
1.22	-0.0025278606
1.221	-0.0025301859
1.222	-0.0025325111
1.223	-0.0025348364
1.224	-0.0025371616
1.225	-0.0025394869
1.226	-0.0025418122
1.227	-0.0025441374
1.228	-0.0025464627
1.229	-0.002548788
1.23	-0.0025511133
1.231	-0.0025534386
1.232	-0.0025557639
1.233	-0.0025580892
1.234	-0.0025604145
1.235	-0.0025627398
1.236	-0.0025650651
1.237	-0.0025673904
1.238	-0.0025697158
1.239	-0.0025720411
1.24	-0.0025743664
1.241	-0.0025766918
1.242	-0.0025790171
1.243	-0.0025813425
1.244	-0.0025836678
1.245	-0.0025859932
1.246	-0.0025883185
1.247	-0.0025906439
1.248	-0.0025929693
1.249	-0.0025952947
1.25	-0.00259762
1.251	-0.0025999454
1.252	-0.0026022708
1.253	-0.0026045962
1.254	-0.0026069216
1.255	-0.0026092471
1.256	-0.0026115725
1.257	-0.0026138979
1.258	-0.0026162233
1.259	-0.0026185487
1.26	-0.0026208742
1.261	-0.0026231996
1.262	-0.0026255251
1.263	-0.0026278505
1.264	-0.002630176
1.265	-0.0026325014
1.266	-0.0026348269
1.267	-0.0026371524
1.268	-0.0026394779
1.269	-0.0026418033
1.27	-0.0026441288
1.271	-0.0026464543
1.272	-0.0026487798
1.273	-0.0026511053
1.274	-0.0026534308
1.275	-0.0026557563
1.276	-0.0026580819
1.277	-0.0026604074
1.278	-0.0026627329
1.279	-0.0026650584
1.28	-0.002667384
1.281	-0.0026697095
1.282	-0.0026720351
1.283	-0.0026743606
1.284	-0.0026766862
1.285	-0.0026790118
1.286	-0.0026813373
1.287	-0.0026836629
1.288	-0.0026859885
1.289	-0.0026883141
1.29	-0.0026906397
1.291	-0.0026929653
1.292	-0.0026952909
1.293	-0.0026976165
1.294	-0.0026999421
1.295	-0.0027022677
1.296	-0.0027045933
1.297	-0.002706919
1.298	-0.0027092446
1.299	-0.0027115702
1.3	-0.0027138959
1.301	-0.0027162215
1.302	-0.0027185472
1.303	-0.0027208729
1.304	-0.0027231985
1.305	-0.0027255242
1.306	-0.0027278499
1.307	-0.0027301756
1.308	-0.0027325012
1.309	-0.0027348269
1.31	-0.0027371526
1.311	-0.0027394783
1.312	-0.0027418041
1.313	-0.0027441298
1.314	-0.0027464555
1.315	-0.0027487812
1.316	-0.002751107
1.317	-0.0027534327
1.318	-0.0027557584
1.319	-0.0027580842
1.32	-0.00276041
1.321	-0.0027627357
1.322	-0.0027650615
1.323	-0.0027673873
1.324	-0.002769713
1.325	-0.0027720388
1.326	-0.0027743646
1.327	-0.0027766904
1.328	-0.0027790162
1.329	-0.002781342
1.33	-0.0027836678
1.331	-0.0027859936
1.332	-0.0027883195
1.333	-0.0027906453
1.334	-0.0027929711
1.335	-0.002795297
1.336	-0.0027976228
1.337	-0.0027999487
1.338	-0.0028022745
1.339	-0.0028046004
1.34	-0.0028069263
1.341	-0.0028092521
1.342	-0.002811578
1.343	-0.0028139039
1.344	-0.0028162298
1.345	-0.0028185557
1.346	-0.0028208816
1.347	-0.0028232075
1.348	-0.0028255334
1.349	-0.0028278593
1.35	-0.0028301853
1.351	-0.0028325112
1.352	-0.0028348371
1.353	-0.0028371631
1.354	-0.002839489
1.355	-0.002841815
1.356	-0.0028441409
1.357	-0.0028464669
1.358	-0.0028487929
1.359	-0.0028511189
1.36	-0.0028534448
1.361	-0.0028557708
1.362	-0.0028580968
1.363	-0.0028604228
1.364	-0.0028627488
1.365	-0.0028650749
1.366	-0.0028674009
1.367	-0.0028697269
1.368	-0.0028720529
1.369	-0.002874379
1.37	-0.002876705
1.371	-0.0028790311
1.372	-0.0028813571
1.373	-0.0028836832
1.374	-0.0028860093
1.375	-0.0028883353
1.376	-0.0028906614
1.377	-0.0028929875
1.378	-0.0028953136
1.379	-0.0028976397
1.38	-0.0028999658
1.381	-0.0029022919
1.382	-0.002904618
1.383	-0.0029069441
1.384	-0.0029092703
1.385	-0.0029115964
1.386	-0.0029139226
1.387	-0.0029162487
1.388	-0.0029185749
1.389	-0.002920901
1.39	-0.0029232272
1.391	-0.0029255533
1.392	-0.0029278795
1.393	-0.0029302057
1.394	-0.0029325319
1.395	-0.0029348581
1.396	-0.0029371843
1.397	-0.0029395105
1.398	-0.0029418367
1.399	-0.0029441629
1.4	-0.0029464892
1.401	-0.0029488154
1.402	-0.0029511416
1.403	-0.0029534679
1.404	-0.0029557941
1.405	-0.0029581204
1.406	-0.0029604467
1.407	-0.0029627729
1.408	-0.0029650992
1.409	-0.0029674255
1.41	-0.0029697518
1.411	-0.0029720781
1.412	-0.0029744044
1.413	-0.0029767307
1.414	-0.002979057
1.415	-0.0029813833
1.416	-0.0029837096
1.417	-0.002986036
1.418	-0.0029883623
1.419	-0.0029906886
1.42	-0.002993015
1.421	-0.0029953414
1.422	-0.0029976677
1.423	-0.0029999941
1.424	-0.0030023205
1.425	-0.0030046469
1.426	-0.0030069732
1.427	-0.0030092996
1.428	-0.003011626
1.429	-0.0030139525
1.43	-0.0030162789
1.431	-0.0030186053
1.432	-0.0030209317
1.433	-0.0030232582
1.434	-0.0030255846
1.435	-0.003027911
1.436	-0.0030302375
1.437	-0.003032564
1.438	-0.0030348904
1.439	-0.0030372169
1.44	-0.0030395434
1.441	-0.0030418699
1.442	-0.0030441964
1.443	-0.0030465229
1.444	-0.0030488494
1.445	-0.0030511759
1.446	-0.0030535024
1.447	-0.0030558289
1.448	-0.0030581555
1.449	-0.003060482
1.45	-0.0030628086
1.451	-0.0030651351
1.452	-0.0030674617
1.453	-0.0030697882
1.454	-0.0030721148
1.455	-0.0030744414
1.456	-0.003076768
1.457	-0.0030790946
1.458	-0.0030814212
1.459	-0.0030837478
1.46	-0.0030860744
1.461	-0.003088401
1.462	-0.0030907276
1.463	-0.0030930543
1.464	-0.0030953809
1.465	-0.0030977075
1.466	-0.0031000342
1.467	-0.0031023608
1.468	-0.0031046875
1.469	-0.0031070142
1.47	-0.0031093409
1.471	-0.0031116676
1.472	-0.0031139942
1.473	-0.0031163209
1.474	-0.0031186477
1.475	-0.0031209744
1.476	-0.0031233011
1.477	-0.0031256278
1.478	-0.0031279545
1.479	-0.0031302813
1.48	-0.003132608
1.481	-0.0031349348
1.482	-0.0031372616
1.483	-0.0031395883
1.484	-0.0031419151
1.485	-0.0031442419
1.486	-0.0031465687
1.487	-0.0031488955
1.488	-0.0031512223
1.489	-0.0031535491
1.49	-0.0031558759
1.491	-0.0031582027
1.492	-0.0031605295
1.493	-0.0031628564
1.494	-0.0031651832
1.495	-0.0031675101
1.496	-0.0031698369
1.497	-0.0031721638
1.498	-0.0031744907
1.499	-0.0031768175
1.5	-0.0031791444
1.501	-0.0031814713
1.502	-0.0032424399
1.503	-0.003301038
1.504	-0.0033572986
1.505	-0.0034112551
1.506	-0.0034629413
1.507	-0.0035123914
1.508	-0.0035596397
1.509	-0.0036047211
1.51	-0.0036476703
1.511	-0.0036885227
1.512	-0.0037273134
1.513	-0.0037640777
1.514	-0.0037988512
1.515	-0.0038316695
1.516	-0.0038625679
1.517	-0.0038915822
1.518	-0.0039187477
1.519	-0.0039441001
1.52	-0.0039676746
1.521	-0.0039895065
1.522	-0.0040096311
1.523	-0.0040280834
1.524	-0.0040448982
1.525	-0.0040601103
1.526	-0.0040737541
1.527	-0.0040858639
1.528	-0.0040964738
1.529	-0.0041056176
1.53	-0.004113329
1.531	-0.0041196411
1.532	-0.004124587
1.533	-0.0041281995
1.534	-0.0041305109
1.535	-0.0041315534
1.536	-0.0041313589
1.537	-0.0041299587
1.538	-0.004127384
1.539	-0.0041236655
1.54	-0.0041188338
1.541	-0.0041129189
1.542	-0.0041059506
1.543	-0.0040979581
1.544	-0.0040889704
1.545	-0.0040790162
1.546	-0.0040681237
1.547	-0.0040563208
1.548	-0.0040436347
1.549	-0.0040300927
1.55	-0.0040157214
1.551	-0.0040005471
1.552	-0.0039845956
1.553	-0.0039678924
1.554	-0.0039504627
1.555	-0.0039323311
1.556	-0.0039135218
1.557	-0.0038940589
1.558	-0.0038739657
1.559	-0.0038532654
1.56	-0.0038319807
1.561	-0.0038101338
1.562	-0.0037877468
1.563	-0.0037648411
1.564	-0.0037414378
1.565	-0.0037175577
1.566	-0.0036932212
1.567	-0.0036684481
1.568	-0.0036432581
1.569	-0.0036176704
1.57	-0.0035917037
1.571	-0.0035653767
1.572	-0.0035387072
1.573	-0.0035117131
1.574	-0.0034844116
1.575	-0.0034568197
1.576	-0.0034289541
1.577	-0.0034008311
1.578	-0.0033724664
1.579	-0.0033438756
1.58	-0.0033150741
1.581	-0.0032860765
1.582	-0.0032568976
1.583	-0.0032275513
1.584	-0.0031980517
1.585	-0.0031684122
1.586	-0.003138646
1.587	-0.003108766
1.588	-0.0030787848
1.589	-0.0030487147
1.59	-0.0030185676
1.591	-0.0029883551
1.592	-0.0029580886
1.593	-0.0029277791
1.594	-0.0028974374
1.595	-0.0028670741
1.596	-0.0028366991
1.597	-0.0028063226
1.598	-0.002775954
1.599	-0.0027456028
1.6	-0.0027152781
1.601	-0.0026849886
1.602	-0.0026547431
1.603	-0.0026245497
1.604	-0.0025944166
1.605	-0.0025643516
1.606	-0.0025343623
1.607	-0.002504456
1.608	-0.0024746399
1.609	-0.0024449208
1.61	-0.0024153053
1.611	-0.0023857999
1.612	-0.0023564109
1.613	-0.0023271442
1.614	-0.0022980056
1.615	-0.0022690008
1.616	-0.002240135
1.617	-0.0022114135
1.618	-0.0021828413
1.619	-0.0021544231
1.62	-0.0021261636
1.621	-0.0020980672
1.622	-0.0020701382
1.623	-0.0020423806
1.624	-0.0020147983
1.625	-0.0019873951
1.626	-0.0019601745
1.627	-0.00193314
1.628	-0.0019062947
1.629	-0.0018796418
1.63	-0.0018531841
1.631	-0.0018269246
1.632	-0.0018008658
1.633	-0.0017750102
1.634	-0.0017493602
1.635	-0.001723918
1.636	-0.0016986858
1.637	-0.0016736654
1.638	-0.0016488587
1.639	-0.0016242674
1.64	-0.0015998932
1.641	-0.0015757374
1.642	-0.0015518015
1.643	-0.0015280867
1.644	-0.0015045942
1.645	-0.0014813249
1.646	-0.0014582798
1.647	-0.0014354598
1.648	-0.0014128655
1.649	-0.0013904977
1.65	-0.0013683567
1.651	-0.0013464432
1.652	-0.0013247574
1.653	-0.0013032996
1.654	-0.0012820701
1.655	-0.0012610689
1.656	-0.001240296
1.657	-0.0012197515
1.658	-0.0011994352
1.659	-0.0011793469
1.66	-0.0011594864
1.661	-0.0011398533
1.662	-0.0011204473
1.663	-0.0011012678
1.664	-0.0010823144
1.665	-0.0010635865
1.666	-0.0010450834
1.667	-0.0010268045
1.668	-0.001008749
1.669	-0.0009909161
1.67	-0.000973305
1.671	-0.0009559148
1.672	-0.0009387446
1.673	-0.0009217932
1.674	-0.0009050598
1.675	-0.0008885433
1.676	-0.0008722425
1.677	-0.0008561562
1.678	-0.0008402834
1.679	-0.0008246227
1.68	-0.0008091729
1.681	-0.0007939328
1.682	-0.000778901
1.683	-0.0007640761
1.684	-0.0007494568
1.685	-0.0007350416
1.686	-0.0007208292
1.687	-0.000706818
1.688	-0.0006930066
1.689	-0.0006793935
1.69	-0.0006659772
1.691	-0.000652756
1.692	-0.0006397285
1.693	-0.0006268931
1.694	-0.0006142481
1.695	-0.000601792
1.696	-0.0005895231
1.697	-0.0005774398
1.698	-0.0005655404
1.699	-0.0005538232
1.7	-0.0005422867
1.701	-0.000530929
1.702	-0.0005197485
1.703	-0.0005087435
1.704	-0.0004979123
1.705	-0.0004872532
1.706	-0.0004767643
1.707	-0.0004664441
1.708	-0.0004562907
1.709	-0.0004463025
1.71	-0.0004364777
1.711	-0.0004268145
1.712	-0.0004173112
1.713	-0.000407966
1.714	-0.0003987773
1.715	-0.0003897432
1.716	-0.0003808621
1.717	-0.0003721321
1.718	-0.0003635515
1.719	-0.0003551187
1.72	-0.0003468318
1.721	-0.0003386892
1.722	-0.0003306891
1.723	-0.0003228297
1.724	-0.0003151094
1.725	-0.0003075265
1.726	-0.0003000792
1.727	-0.0002927658
1.728	-0.0002855847
1.729	-0.0002785341
1.73	-0.0002716125
1.731	-0.000264818
1.732	-0.0002581491
1.733	-0.0002516041
1.734	-0.0002451813
1.735	-0.0002388792
1.736	-0.000232696
1.737	-0.0002266302
1.738	-0.0002206801
1.739	-0.0002148442
1.74	-0.0002091209
1.741	-0.0002035085
1.742	-0.0001980056
1.743	-0.0001926106
1.744	-0.0001873218
1.745	-0.0001821379
1.746	-0.0001770572
1.747	-0.0001720783
1.748	-0.0001671996
1.749	-0.0001624197
1.75	-0.0001577371
1.751	-0.0001531503
1.752	-0.0001486579
1.753	-0.0001442585
1.754	-0.0001399506
1.755	-0.0001357328
1.756	-0.0001316038
1.757	-0.000127562
1.758	-0.0001236063
1.759	-0.0001197351
1.76	-0.0001159472
1.761	-0.0001122412
1.762	-0.0001086158
1.763	-0.0001050697
1.764	-0.0001016016
1.765	-9.82E-005
1.766	-9.49E-005
1.767	-9.17E-005
1.768	-8.85E-005
1.769	-8.54E-005
1.77	-8.24E-005
1.771	-7.94E-005
1.772	-7.65E-005
1.773	-7.37E-005
1.774	-7.09E-005
1.775	-6.82E-005
1.776	-6.56E-005
1.777	-6.31E-005
1.778	-6.05E-005
1.779	-5.81E-005
1.78	-5.57E-005
1.781	-5.34E-005
1.782	-5.11E-005
1.783	-4.89E-005
1.784	-4.67E-005
1.785	-4.46E-005
1.786	-4.26E-005
1.787	-4.06E-005
1.788	-3.86E-005
1.789	-3.67E-005
1.79	-3.49E-005
1.791	-3.31E-005
1.792	-3.13E-005
1.793	-2.96E-005
1.794	-2.80E-005
1.795	-2.64E-005
1.796	-2.48E-005
1.797	-2.32E-005
1.798	-2.18E-005
1.799	-2.03E-005
1.8	-1.89E-005
1.801	-1.75E-005
1.802	-1.62E-005
1.803	-1.49E-005
1.804	-1.37E-005
1.805	-1.24E-005
1.806	-1.13E-005
1.807	-1.01E-005
1.808	-9.00E-006
1.809	-7.92E-006
1.81	-6.87E-006
1.811	-5.86E-006
1.812	-4.87E-006
1.813	-3.92E-006
1.814	-3.00E-006
1.815	-2.10E-006
1.816	-1.24E-006
1.817	-4.02E-007
1.818	4.07E-007
1.819	1.19E-006
1.82	1.95E-006
1.821	2.68E-006
1.822	3.38E-006
1.823	4.06E-006
1.824	4.72E-006
1.825	5.35E-006
1.826	5.96E-006
1.827	6.55E-006
1.828	7.12E-006
1.829	7.66E-006
1.83	8.19E-006
1.831	8.69E-006
1.832	9.17E-006
1.833	9.64E-006
1.834	1.01E-005
1.835	1.05E-005
1.836	1.09E-005
1.837	1.13E-005
1.838	1.17E-005
1.839	1.20E-005
1.84	1.24E-005
1.841	1.27E-005
1.842	1.30E-005
1.843	1.33E-005
1.844	1.36E-005
1.845	1.39E-005
1.846	1.41E-005
1.847	1.44E-005
1.848	1.46E-005
1.849	1.48E-005
1.85	1.50E-005
1.851	1.52E-005
1.852	1.54E-005
1.853	1.55E-005
1.854	1.57E-005
1.855	1.59E-005
1.856	1.60E-005
1.857	1.61E-005
1.858	1.62E-005
1.859	1.63E-005
1.86	1.64E-005
1.861	1.65E-005
1.862	1.66E-005
1.863	1.67E-005
1.864	1.67E-005
1.865	1.68E-005
1.866	1.68E-005
1.867	1.69E-005
1.868	1.69E-005
1.869	1.69E-005
1.87	1.69E-005
1.871	1.69E-005
1.872	1.70E-005
1.873	1.70E-005
1.874	1.69E-005
1.875	1.69E-005
1.876	1.69E-005
1.877	1.69E-005
1.878	1.69E-005
1.879	1.68E-005
1.88	1.68E-005
1.881	1.68E-005
1.882	1.67E-005
1.883	1.67E-005
1.884	1.66E-005
1.885	1.65E-005
1.886	1.65E-005
1.887	1.64E-005
1.888	1.63E-005
1.889	1.63E-005
1.89	1.62E-005
1.891	1.61E-005
1.892	1.60E-005
1.893	1.59E-005
1.894	1.59E-005
1.895	1.58E-005
1.896	1.57E-005
1.897	1.56E-005
1.898	1.55E-005
1.899	1.54E-005
1.9	1.53E-005
1.901	1.52E-005
1.902	1.51E-005
1.903	1.50E-005
1.904	1.49E-005
1.905	1.48E-005
1.906	1.47E-005
1.907	1.45E-005
1.908	1.44E-005
1.909	1.43E-005
1.91	1.42E-005
1.911	1.41E-005
1.912	1.40E-005
1.913	1.39E-005
1.914	1.38E-005
1.915	1.36E-005
1.916	1.35E-005
1.917	1.34E-005
1.918	1.33E-005
1.919	1.32E-005
1.92	1.30E-005
1.921	1.29E-005
1.922	1.28E-005
1.923	1.27E-005
1.924	1.26E-005
1.925	1.25E-005
1.926	1.23E-005
1.927	1.22E-005
1.928	1.21E-005
1.929	1.20E-005
1.93	1.19E-005
1.931	1.17E-005
1.932	1.16E-005
1.933	1.15E-005
1.934	1.14E-005
1.935	1.13E-005
1.936	1.12E-005
1.937	1.10E-005
1.938	1.09E-005
1.939	1.08E-005
1.94	1.07E-005
1.941	1.06E-005
1.942	1.05E-005
1.943	1.04E-005
1.944	1.03E-005
1.945	1.01E-005
1.946	1.00E-005
1.947	9.93E-006
1.948	9.82E-006
1.949	9.71E-006
1.95	9.61E-006
1.951	9.50E-006
1.952	9.40E-006
1.953	9.29E-006
1.954	9.19E-006
1.955	9.09E-006
1.956	8.99E-006
1.957	8.89E-006
1.958	8.79E-006
1.959	8.69E-006
1.96	8.60E-006
1.961	8.50E-006
1.962	8.40E-006
1.963	8.31E-006
1.964	8.22E-006
1.965	8.13E-006
1.966	8.03E-006
1.967	7.94E-006
1.968	7.85E-006
1.969	7.77E-006
1.97	7.68E-006
1.971	7.59E-006
1.972	7.51E-006
1.973	7.42E-006
1.974	7.34E-006
1.975	7.26E-006
1.976	7.18E-006
1.977	7.10E-006
1.978	7.02E-006
1.979	6.94E-006
1.98	6.86E-006
1.981	6.79E-006
1.982	6.71E-006
1.983	6.64E-006
1.984	6.57E-006
1.985	6.50E-006
1.986	6.42E-006
1.987	6.35E-006
1.988	6.29E-006
1.989	6.22E-006
1.99	6.15E-006
1.991	6.09E-006
1.992	6.02E-006
1.993	5.96E-006
1.994	5.89E-006
1.995	5.83E-006
1.996	5.77E-006
1.997	5.71E-006
1.998	5.65E-006
1.999	5.59E-006
2	5.53E-006
2.001	5.48E-006
2.002	-0.0001671823
2.003	-0.0003327165
2.004	-0.0004912217
2.005	-0.000642798
2.006	-0.0007875483
2.007	-0.0009255775
2.008	-0.0010569928
2.009	-0.0011819031
2.01	-0.0013004191
2.011	-0.0014126526
2.012	-0.0015187171
2.013	-0.0016187269
2.014	-0.0017127972
2.015	-0.001801044
2.016	-0.0018835838
2.017	-0.0019605336
2.018	-0.0020320107
2.019	-0.0020981326
2.02	-0.0021590165
2.021	-0.00221478
2.022	-0.0022655403
2.023	-0.0023114141
2.024	-0.0023525179
2.025	-0.0023889679
2.026	-0.0024208792
2.027	-0.0024483668
2.028	-0.0024715446
2.029	-0.0024905257
2.03	-0.0025054225
2.031	-0.0025163464
2.032	-0.0025234077
2.033	-0.0025267156
2.034	-0.0025263785
2.035	-0.0025225033
2.036	-0.0025151959
2.037	-0.0025045608
2.038	-0.0024907014
2.039	-0.0024737197
2.04	-0.0024537164
2.041	-0.0024307907
2.042	-0.0024050405
2.043	-0.0023765623
2.044	-0.0023454512
2.045	-0.0023118007
2.046	-0.002275703
2.047	-0.0022372486
2.048	-0.0021965268
2.049	-0.002153625
2.05	-0.0021086295
2.051	-0.0020616247
2.052	-0.0020126938
2.053	-0.0019619183
2.054	-0.0019093782
2.055	-0.0018551519
2.056	-0.0017993165
2.057	-0.0017419472
2.058	-0.0016831181
2.059	-0.0016229014
2.06	-0.0015613681
2.061	-0.0014985875
2.062	-0.0014346275
2.063	-0.0013695545
2.064	-0.0013034334
2.065	-0.0012363275
2.066	-0.001168299
2.067	-0.0010994084
2.068	-0.0010297147
2.069	-0.0009592757
2.07	-0.0008881476
2.071	-0.0008163854
2.072	-0.0007440426
2.073	-0.0006711714
2.074	-0.0005978226
2.075	-0.0005240457
2.076	-0.0004498888
2.077	-0.000375399
2.078	-0.0003006218
2.079	-0.0002256015
2.08	-0.0001503814
2.081	-7.50E-005
2.082	4.92E-007
2.083	7.61E-005
2.084	0.0001516786
2.085	0.0002272938
2.086	0.0003028754
2.087	0.0003783883
2.088	0.0004537989
2.089	0.0005290743
2.09	0.0006041829
2.091	0.000679094
2.092	0.000753778
2.093	0.0008282064
2.094	0.0009023515
2.095	0.0009761867
2.096	0.0010496863
2.097	0.0011228256
2.098	0.0011955806
2.099	0.0012679285
2.1	0.0013398472
2.101	0.0014113156
2.102	0.0014823131
2.103	0.0015528204
2.104	0.0016228188
2.105	0.0016922902
2.106	0.0017612175
2.107	0.0018295844
2.108	0.0018973752
2.109	0.001964575
2.11	0.0020311695
2.111	0.0020971454
2.112	0.0021624896
2.113	0.0022271901
2.114	0.0022912353
2.115	0.0023546143
2.116	0.0024173168
2.117	0.0024793331
2.118	0.0025406542
2.119	0.0026012714
2.12	0.0026611769
2.121	0.0027203631
2.122	0.0027788232
2.123	0.0028365507
2.124	0.0028935398
2.125	0.0029497851
2.126	0.0030052816
2.127	0.0030600249
2.128	0.0031140109
2.129	0.003167236
2.13	0.003219697
2.131	0.0032713913
2.132	0.0033223164
2.133	0.0033724704
2.134	0.0034218516
2.135	0.0034704588
2.136	0.0035182912
2.137	0.0035653481
2.138	0.0036116294
2.139	0.0036571352
2.14	0.0037018659
2.141	0.0037458222
2.142	0.0037890051
2.143	0.0038314159
2.144	0.0038730562
2.145	0.0039139277
2.146	0.0039540325
2.147	0.0039933729
2.148	0.0040319516
2.149	0.0040697711
2.15	0.0041068346
2.151	0.0041431452
2.152	0.0041787063
2.153	0.0042135215
2.154	0.0042475945
2.155	0.0042809294
2.156	0.0043135301
2.157	0.004345401
2.158	0.0043765466
2.159	0.0044069713
2.16	0.0044366799
2.161	0.0044656773
2.162	0.0044939685
2.163	0.0045215584
2.164	0.0045484525
2.165	0.004574656
2.166	0.0046001743
2.167	0.0046250129
2.168	0.0046491776
2.169	0.0046726739
2.17	0.0046955078
2.171	0.004717685
2.172	0.0047392116
2.173	0.0047600934
2.174	0.0047803367
2.175	0.0047999475
2.176	0.0048189321
2.177	0.0048372965
2.178	0.0048550472
2.179	0.0048721905
2.18	0.0048887327
2.181	0.0049046801
2.182	0.0049200393
2.183	0.0049348167
2.184	0.0049490186
2.185	0.0049626517
2.186	0.0049757224
2.187	0.0049882372
2.188	0.0050002027
2.189	0.0050116254
2.19	0.0050225117
2.191	0.0050328683
2.192	0.0050427016
2.193	0.0050520183
2.194	0.0050608247
2.195	0.0050691274
2.196	0.0050769329
2.197	0.0050842477
2.198	0.0050910783
2.199	0.005097431
2.2	0.0051033123
2.201	0.0051087286
2.202	0.0051136862
2.203	0.0051181916
2.204	0.0051222509
2.205	0.0051258706
2.206	0.0051290569
2.207	0.0051318159
2.208	0.0051341539
2.209	0.005136077
2.21	0.0051375913
2.211	0.005138703
2.212	0.0051394179
2.213	0.0051397422
2.214	0.0051396818
2.215	0.0051392425
2.216	0.0051384303
2.217	0.0051372509
2.218	0.0051357101
2.219	0.0051338136
2.22	0.0051315672
2.221	0.0051289764
2.222	0.0051260468
2.223	0.0051227839
2.224	0.0051191932
2.225	0.0051152801
2.226	0.0051110501
2.227	0.0051065083
2.228	0.0051016601
2.229	0.0050965107
2.23	0.0050910653
2.231	0.0050853288
2.232	0.0050793065
2.233	0.0050730033
2.234	0.0050664241
2.235	0.0050595738
2.236	0.0050524572
2.237	0.0050450792
2.238	0.0050374444
2.239	0.0050295575
2.24	0.0050214231
2.241	0.0050130457
2.242	0.0050044299
2.243	0.00499558
2.244	0.0049865006
2.245	0.0049771958
2.246	0.00496767
2.247	0.0049579274
2.248	0.0049479722
2.249	0.0049378084
2.25	0.0049274401
2.251	0.0049168713
2.252	0.004906106
2.253	0.004895148
2.254	0.0048840011
2.255	0.0048726692
2.256	0.004861156
2.257	0.0048494651
2.258	0.0048376002
2.259	0.0048255648
2.26	0.0048133624
2.261	0.0048009965
2.262	0.0047884705
2.263	0.0047757878
2.264	0.0047629517
2.265	0.0047499653
2.266	0.004736832
2.267	0.0047235549
2.268	0.004710137
2.269	0.0046965815
2.27	0.0046828913
2.271	0.0046690694
2.272	0.0046551187
2.273	0.0046410421
2.274	0.0046268424
2.275	0.0046125223
2.276	0.0045980846
2.277	0.0045835319
2.278	0.0045688668
2.279	0.0045540921
2.28	0.0045392101
2.281	0.0045242234
2.282	0.0045091344
2.283	0.0044939456
2.284	0.0044786593
2.285	0.0044632779
2.286	0.0044478035
2.287	0.0044322385
2.288	0.004416585
2.289	0.0044008453
2.29	0.0043850214
2.291	0.0043691154
2.292	0.0043531294
2.293	0.0043370653
2.294	0.0043209251
2.295	0.0043047107
2.296	0.0042884241
2.297	0.0042720671
2.298	0.0042556415
2.299	0.004239149
2.3	0.0042225915
2.301	0.0042059707
2.302	0.0041892881
2.303	0.0041725456
2.304	0.0041557446
2.305	0.0041388867
2.306	0.0041219735
2.307	0.0041050066
2.308	0.0040879874
2.309	0.0040709173
2.31	0.0040537977
2.311	0.0040366302
2.312	0.0040194159
2.313	0.0040021563
2.314	0.0039848527
2.315	0.0039675063
2.316	0.0039501184
2.317	0.0039326902
2.318	0.0039152229
2.319	0.0038977177
2.32	0.0038801757
2.321	0.003862598
2.322	0.0038449857
2.323	0.00382734
2.324	0.0038096617
2.325	0.003791952
2.326	0.0037742118
2.327	0.0037564422
2.328	0.003738644
2.329	0.0037208182
2.33	0.0037029657
2.331	0.0036850874
2.332	0.0036671841
2.333	0.0036492567
2.334	0.003631306
2.335	0.0036133328
2.336	0.0035953379
2.337	0.0035773221
2.338	0.003559286
2.339	0.0035412305
2.34	0.0035231561
2.341	0.0035050637
2.342	0.0034869539
2.343	0.0034688273
2.344	0.0034506845
2.345	0.0034325263
2.346	0.0034143531
2.347	0.0033961656
2.348	0.0033779644
2.349	0.00335975
2.35	0.003341523
2.351	0.0033232838
2.352	0.003305033
2.353	0.0032867711
2.354	0.0032684986
2.355	0.0032502159
2.356	0.0032319235
2.357	0.0032136219
2.358	0.0031953115
2.359	0.0031769926
2.36	0.0031586658
2.361	0.0031403314
2.362	0.0031219897
2.363	0.0031036412
2.364	0.0030852863
2.365	0.0030669252
2.366	0.0030485583
2.367	0.003030186
2.368	0.0030118085
2.369	0.0029934262
2.37	0.0029750394
2.371	0.0029566483
2.372	0.0029382533
2.373	0.0029198546
2.374	0.0029014524
2.375	0.0028830471
2.376	0.0028646388
2.377	0.0028462279
2.378	0.0028278145
2.379	0.0028093989
2.38	0.0027909812
2.381	0.0027725617
2.382	0.0027541406
2.383	0.0027357181
2.384	0.0027172943
2.385	0.0026988694
2.386	0.0026804437
2.387	0.0026620172
2.388	0.0026435902
2.389	0.0026251627
2.39	0.0026067349
2.391	0.0025883071
2.392	0.0025698792
2.393	0.0025514515
2.394	0.002533024
2.395	0.0025145969
2.396	0.0024961702
2.397	0.0024777442
2.398	0.0024593189
2.399	0.0024408944
2.4	0.0024224707
2.401	0.0024040481
2.402	0.0023856265
2.403	0.0023672061
2.404	0.0023487869
2.405	0.0023303691
2.406	0.0023119526
2.407	0.0022935375
2.408	0.002275124
2.409	0.002256712
2.41	0.0022383016
2.411	0.0022198929
2.412	0.002201486
2.413	0.0021830808
2.414	0.0021646774
2.415	0.0021462759
2.416	0.0021278763
2.417	0.0021094786
2.418	0.0020910828
2.419	0.0020726891
2.42	0.0020542974
2.421	0.0020359077
2.422	0.0020175201
2.423	0.0019991346
2.424	0.0019807512
2.425	0.0019623699
2.426	0.0019439907
2.427	0.0019256137
2.428	0.0019072389
2.429	0.0018888662
2.43	0.0018704957
2.431	0.0018521274
2.432	0.0018337613
2.433	0.0018153974
2.434	0.0017970357
2.435	0.0017786761
2.436	0.0017603188
2.437	0.0017419636
2.438	0.0017236107
2.439	0.0017052599
2.44	0.0016869113
2.441	0.0016685648
2.442	0.0016502205
2.443	0.0016318784
2.444	0.0016135384
2.445	0.0015952005
2.446	0.0015768647
2.447	0.001558531
2.448	0.0015401994
2.449	0.0015218699
2.45	0.0015035424
2.451	0.001485217
2.452	0.0014668936
2.453	0.0014485722
2.454	0.0014302528
2.455	0.0014119354
2.456	0.0013936199
2.457	0.0013753064
2.458	0.0013569947
2.459	0.001338685
2.46	0.0013203771
2.461	0.0013020711
2.462	0.0012837669
2.463	0.0012654645
2.464	0.0012471639
2.465	0.0012288651
2.466	0.001210568
2.467	0.0011922727
2.468	0.001173979
2.469	0.001155687
2.47	0.0011373967
2.471	0.001119108
2.472	0.0011008209
2.473	0.0010825354
2.474	0.0010642514
2.475	0.001045969
2.476	0.0010276881
2.477	0.0010094087
2.478	0.0009911308
2.479	0.0009728543
2.48	0.0009545792
2.481	0.0009363055
2.482	0.0009180332
2.483	0.0008997623
2.484	0.0008814927
2.485	0.0008632243
2.486	0.0008449573
2.487	0.0008266915
2.488	0.000808427
2.489	0.0007901637
2.49	0.0007719015
2.491	0.0007536406
2.492	0.0007353807
2.493	0.0007171221
2.494	0.0006988645
2.495	0.000680608
2.496	0.0006623525
2.497	0.0006440981
2.498	0.0006258447
2.499	0.0006075923
2.5	0.0005893409
2.501	0.0005710905
2.502	0.0005764024
2.503	0.0005804499
2.504	0.0005833198
2.505	0.0005850941
2.506	0.0005858506
2.507	0.0005856631
2.508	0.000584601
2.509	0.0005827303
2.51	0.0005801131
2.511	0.0005768083
2.512	0.0005728712
2.513	0.0005683543
2.514	0.0005633069
2.515	0.0005577757
2.516	0.0005518046
2.517	0.0005454347
2.518	0.0005387051
2.519	0.0005316523
2.52	0.0005243107
2.521	0.0005167125
2.522	0.0005088881
2.523	0.0005008659
2.524	0.0004926726
2.525	0.000484333
2.526	0.0004758705
2.527	0.0004673069
2.528	0.0004586626
2.529	0.0004499565
2.53	0.0004412063
2.531	0.0004324284
2.532	0.0004236383
2.533	0.0004148499
2.534	0.0004060765
2.535	0.0003973302
2.536	0.0003886223
2.537	0.000379963
2.538	0.0003713619
2.539	0.0003628277
2.54	0.0003543684
2.541	0.0003459913
2.542	0.0003377029
2.543	0.0003295094
2.544	0.000321416
2.545	0.0003134278
2.546	0.000305549
2.547	0.0002977835
2.548	0.0002901348
2.549	0.0002826058
2.55	0.0002751991
2.551	0.0002679169
2.552	0.0002607612
2.553	0.0002537334
2.554	0.0002468348
2.555	0.0002400663
2.556	0.0002334287
2.557	0.0002269223
2.558	0.0002205473
2.559	0.0002143038
2.56	0.0002081916
2.561	0.0002022102
2.562	0.0001963591
2.563	0.0001906376
2.564	0.0001850449
2.565	0.0001795799
2.566	0.0001742416
2.567	0.0001690287
2.568	0.0001639399
2.569	0.0001589739
2.57	0.0001541291
2.571	0.0001494039
2.572	0.0001447968
2.573	0.000140306
2.574	0.0001359299
2.575	0.0001316666
2.576	0.0001275143
2.577	0.0001234712
2.578	0.0001195353
2.579	0.0001157048
2.58	0.0001119778
2.581	0.0001083522
2.582	0.0001048262
2.583	0.0001013978
2.584	9.81E-005
2.585	9.48E-005
2.586	9.17E-005
2.587	8.86E-005
2.588	8.57E-005
2.589	8.28E-005
2.59	8.00E-005
2.591	7.72E-005
2.592	7.46E-005
2.593	7.21E-005
2.594	6.96E-005
2.595	6.72E-005
2.596	6.48E-005
2.597	6.26E-005
2.598	6.04E-005
2.599	5.82E-005
2.6	5.62E-005
2.601	5.42E-005
2.602	5.22E-005
2.603	5.04E-005
2.604	4.85E-005
2.605	4.68E-005
2.606	4.51E-005
2.607	4.34E-005
2.608	4.18E-005
2.609	4.03E-005
2.61	3.88E-005
2.611	3.74E-005
2.612	3.60E-005
2.613	3.46E-005
2.614	3.33E-005
2.615	3.20E-005
2.616	3.08E-005
2.617	2.96E-005
2.618	2.85E-005
2.619	2.74E-005
2.62	2.63E-005
2.621	2.53E-005
2.622	2.43E-005
2.623	2.34E-005
2.624	2.24E-005
2.625	2.15E-005
2.626	2.07E-005
2.627	1.98E-005
2.628	1.90E-005
2.629	1.83E-005
2.63	1.75E-005
2.631	1.68E-005
2.632	1.61E-005
2.633	1.54E-005
2.634	1.48E-005
2.635	1.42E-005
2.636	1.36E-005
2.637	1.30E-005
2.638	1.24E-005
2.639	1.19E-005
2.64	1.14E-005
2.641	1.09E-005
2.642	1.04E-005
2.643	9.92E-006
2.644	9.47E-006
2.645	9.05E-006
2.646	8.63E-006
2.647	8.24E-006
2.648	7.85E-006
2.649	7.49E-006
2.65	7.13E-006
2.651	6.79E-006
2.652	6.46E-006
2.653	6.15E-006
2.654	5.85E-006
2.655	5.56E-006
2.656	5.28E-006
2.657	5.01E-006
2.658	4.75E-006
2.659	4.50E-006
2.66	4.27E-006
2.661	4.04E-006
2.662	3.82E-006
2.663	3.61E-006
2.664	3.41E-006
2.665	3.21E-006
2.666	3.03E-006
2.667	2.85E-006
2.668	2.68E-006
2.669	2.51E-006
2.67	2.35E-006
2.671	2.20E-006
2.672	2.06E-006
2.673	1.92E-006
2.674	1.79E-006
2.675	1.66E-006
2.676	1.54E-006
2.677	1.42E-006
2.678	1.31E-006
2.679	1.20E-006
2.68	1.10E-006
2.681	1.00E-006
2.682	9.08E-007
2.683	8.19E-007
2.684	7.33E-007
2.685	6.51E-007
2.686	5.73E-007
2.687	4.98E-007
2.688	4.26E-007
2.689	3.58E-007
2.69	2.93E-007
2.691	2.30E-007
2.692	1.71E-007
2.693	1.14E-007
2.694	6.00E-008
2.695	8.33E-009
2.696	-4.09E-008
2.697	-8.78E-008
2.698	-1.33E-007
2.699	-1.75E-007
2.7	-2.16E-007
2.701	-2.54E-007
2.702	-2.91E-007
2.703	-3.26E-007
2.704	-3.59E-007
2.705	-3.91E-007
2.706	-4.21E-007
2.707	-4.49E-007
2.708	-4.77E-007
2.709	-5.02E-007
2.71	-5.27E-007
2.711	-5.50E-007
2.712	-5.72E-007
2.713	-5.93E-007
2.714	-6.12E-007
2.715	-6.31E-007
2.716	-6.49E-007
2.717	-6.65E-007
2.718	-6.81E-007
2.719	-6.96E-007
2.72	-7.10E-007
2.721	-7.23E-007
2.722	-7.36E-007
2.723	-7.48E-007
2.724	-7.59E-007
2.725	-7.69E-007
2.726	-7.79E-007
2.727	-7.88E-007
2.728	-7.97E-007
2.729	-8.05E-007
2.73	-8.13E-007
2.731	-8.20E-007
2.732	-8.27E-007
2.733	-8.33E-007
2.734	-8.39E-007
2.735	-8.44E-007
2.736	-8.49E-007
2.737	-8.54E-007
2.738	-8.58E-007
2.739	-8.62E-007
2.74	-8.66E-007
2.741	-8.69E-007
2.742	-8.72E-007
2.743	-8.75E-007
2.744	-8.78E-007
2.745	-8.80E-007
2.746	-8.82E-007
2.747	-8.84E-007
2.748	-8.86E-007
2.749	-8.88E-007
2.75	-8.89E-007
2.751	-8.90E-007
2.752	-8.91E-007
2.753	-8.92E-007
2.754	-8.93E-007
2.755	-8.94E-007
2.756	-8.94E-007
2.757	-8.95E-007
2.758	-8.95E-007
2.759	-8.95E-007
2.76	-8.95E-007
2.761	-8.96E-007
2.762	-8.95E-007
2.763	-8.95E-007
2.764	-8.95E-007
2.765	-8.95E-007
2.766	-8.95E-007
2.767	-8.94E-007
2.768	-8.94E-007
2.769	-8.93E-007
2.77	-8.93E-007
2.771	-8.92E-007
2.772	-8.92E-007
2.773	-8.91E-007
2.774	-8.91E-007
2.775	-8.90E-007
2.776	-8.89E-007
2.777	-8.89E-007
2.778	-8.88E-007
2.779	-8.87E-007
2.78	-8.86E-007
2.781	-8.86E-007
2.782	-8.85E-007
2.783	-8.84E-007
2.784	-8.83E-007
2.785	-8.82E-007
2.786	-8.82E-007
2.787	-8.81E-007
2.788	-8.80E-007
2.789	-8.79E-007
2.79	-8.78E-007
2.791	-8.78E-007
2.792	-8.77E-007
2.793	-8.76E-007
2.794	-8.75E-007
2.795	-8.74E-007
2.796	-8.74E-007
2.797	-8.73E-007
2.798	-8.72E-007
2.799	-8.71E-007
2.8	-8.70E-007
2.801	-8.70E-007
2.802	-8.69E-007
2.803	-8.68E-007
2.804	-8.68E-007
2.805	-8.67E-007
2.806	-8.66E-007
2.807	-8.65E-007
2.808	-8.65E-007
2.809	-8.64E-007
2.81	-8.63E-007
2.811	-8.63E-007
2.812	-8.62E-007
2.813	-8.62E-007
2.814	-8.61E-007
2.815	-8.60E-007
2.816	-8.60E-007
2.817	-8.59E-007
2.818	-8.59E-007
2.819	-8.58E-007
2.82	-8.58E-007
2.821	-8.57E-007
2.822	-8.57E-007
2.823	-8.56E-007
2.824	-8.56E-007
2.825	-8.55E-007
2.826	-8.55E-007
2.827	-8.54E-007
2.828	-8.54E-007
2.829	-8.53E-007
2.83	-8.53E-007
2.831	-8.52E-007
2.832	-8.52E-007
2.833	-8.52E-007
2.834	-8.51E-007
2.835	-8.51E-007
2.836	-8.50E-007
2.837	-8.50E-007
2.838	-8.50E-007
2.839	-8.49E-007
2.84	-8.49E-007
2.841	-8.49E-007
2.842	-8.48E-007
2.843	-8.48E-007
2.844	-8.48E-007
2.845	-8.48E-007
2.846	-8.47E-007
2.847	-8.47E-007
2.848	-8.47E-007
2.849	-8.47E-007
2.85	-8.46E-007
2.851	-8.46E-007
2.852	-8.46E-007
2.853	-8.46E-007
2.854	-8.45E-007
2.855	-8.45E-007
2.856	-8.45E-007
2.857	-8.45E-007
2.858	-8.44E-007
2.859	-8.44E-007
2.86	-8.44E-007
2.861	-8.44E-007
2.862	-8.44E-007
2.863	-8.44E-007
2.864	-8.43E-007
2.865	-8.43E-007
2.866	-8.43E-007
2.867	-8.43E-007
2.868	-8.43E-007
2.869	-8.43E-007
2.87	-8.43E-007
2.871	-8.42E-007
2.872	-8.42E-007
2.873	-8.42E-007
2.874	-8.42E-007
2.875	-8.42E-007
2.876	-8.42E-007
2.877	-8.42E-007
2.878	-8.42E-007
2.879	-8.41E-007
2.88	-8.41E-007
2.881	-8.41E-007
2.882	-8.41E-007
2.883	-8.41E-007
2.884	-8.41E-007
2.885	-8.41E-007
2.886	-8.41E-007
2.887	-8.41E-007
2.888	-8.41E-007
2.889	-8.41E-007
2.89	-8.41E-007
2.891	-8.41E-007
2.892	-8.40E-007
2.893	-8.40E-007
2.894	-8.40E-007
2.895	-8.40E-007
2.896	-8.40E-007
2.897	-8.40E-007
2.898	-8.40E-007
2.899	-8.40E-007
2.9	-8.40E-007
2.901	-8.40E-007
2.902	-8.40E-007
2.903	-8.40E-007
2.904	-8.40E-007
2.905	-8.40E-007
2.906	-8.40E-007
2.907	-8.40E-007
2.908	-8.40E-007
2.909	-8.40E-007
2.91	-8.40E-007
2.911	-8.40E-007
2.912	-8.40E-007
2.913	-8.40E-007
2.914	-8.39E-007
2.915	-8.39E-007
2.916	-8.39E-007
2.917	-8.39E-007
2.918	-8.39E-007
2.919	-8.39E-007
2.92	-8.39E-007
2.921	-8.39E-007
2.922	-8.39E-007
2.923	-8.39E-007
2.924	-8.39E-007
2.925	-8.39E-007
2.926	-8.39E-007
2.927	-8.39E-007
2.928	-8.39E-007
2.929	-8.39E-007
2.93	-8.39E-007
2.931	-8.39E-007
2.932	-8.39E-007
2.933	-8.39E-007
2.934	-8.39E-007
2.935	-8.39E-007
2.936	-8.39E-007
2.937	-8.39E-007
2.938	-8.39E-007
2.939	-8.39E-007
2.94	-8.39E-007
2.941	-8.39E-007
2.942	-8.39E-007
2.943	-8.39E-007
2.944	-8.39E-007
2.945	-8.39E-007
2.946	-8.39E-007
2.947	-8.39E-007
2.948	-8.39E-007
2.949	-8.39E-007
2.95	-8.39E-007
2.951	-8.39E-007
2.952	-8.39E-007
2.953	-8.39E-007
2.954	-8.39E-007
2.955	-8.39E-007
2.956	-8.39E-007
2.957	-8.39E-007
2.958	-8.39E-007
2.959	-8.39E-007
2.96	-8.39E-007
2.961	-8.39E-007
2.962	-8.39E-007
2.963	-8.39E-007
2.964	-8.39E-007
2.965	-8.39E-007
2.966	-8.39E-007
2.967	-8.39E-007
2.968	-8.39E-007
2.969	-8.39E-007
2.97	-8.39E-007
2.971	-8.39E-007
2.972	-8.39E-007
2.973	-8.39E-007
2.974	-8.39E-007
2.975	-8.39E-007
2.976	-8.39E-007
2.977	-8.39E-007
2.978	-8.39E-007
2.979	-8.39E-007
2.98	-8.39E-007
2.981	-8.39E-007
2.982	-8.39E-007
2.983	-8.39E-007
2.984	-8.39E-007
2.985	-8.39E-007
2.986	-8.39E-007
2.987	-8.39E-007
2.988	-8.39E-007
2.989	-8.39E-007
2.99	-8.39E-007
2.991	-8.39E-007
2.992	-8.39E-007
2.993	-8.39E-007
2.994	-8.39E-007
2.995	-8.39E-007
2.996	-8.39E-007
2.997	-8.39E-007
2.998	-8.39E-007
2.999	-8.39E-007
3	-8.39E-007

