0	0
0.001	2.94E-017
0.002	2.10E-016
0.003	3.21E-017
0.004	-1.07E-016
0.005	-1.96E-018
0.006	7.10E-017
0.007	-1.88E-018
0.008	-1.40E-016
0.009	2.92E-018
0.01	-6.71E-017
0.011	1.12E-016
0.012	2.15E-016
0.013	2.30E-016
0.014	5.94E-016
0.015	5.36E-016
0.016	5.69E-016
0.017	3.91E-016
0.018	3.64E-016
0.019	4.36E-016
0.02	4.53E-016
0.021	5.90E-016
0.022	4.90E-016
0.023	5.22E-016
0.024	5.77E-016
0.025	6.28E-016
0.026	7.83E-016
0.027	9.18E-016
0.028	9.68E-016
0.029	8.49E-016
0.03	5.67E-016
0.031	5.14E-016
0.032	3.75E-016
0.033	5.59E-016
0.034	8.94E-016
0.035	9.35E-016
0.036	1.05E-015
0.037	8.40E-016
0.038	5.73E-016
0.039	5.62E-016
0.04	5.64E-016
0.041	6.67E-016
0.042	4.57E-016
0.043	5.66E-016
0.044	6.08E-016
0.045	6.57E-016
0.046	6.67E-016
0.047	6.02E-016
0.048	7.02E-016
0.049	9.29E-016
0.05	9.78E-016
0.051	8.88E-016
0.052	9.02E-016
0.053	8.01E-016
0.054	6.62E-016
0.055	7.73E-016
0.056	8.73E-016
0.057	1.02E-015
0.058	9.81E-016
0.059	9.22E-016
0.06	8.54E-016
0.061	1.18E-015
0.062	9.82E-016
0.063	1.33E-015
0.064	1.35E-015
0.065	1.20E-015
0.066	1.11E-015
0.067	1.19E-015
0.068	1.31E-015
0.069	1.51E-015
0.07	1.30E-015
0.071	1.26E-015
0.072	1.00E-015
0.073	8.82E-016
0.074	1.01E-015
0.075	9.12E-016
0.076	1.24E-015
0.077	1.37E-015
0.078	1.50E-015
0.079	1.48E-015
0.08	1.51E-015
0.081	1.40E-015
0.082	1.46E-015
0.083	1.29E-015
0.084	1.21E-015
0.085	1.30E-015
0.086	1.58E-015
0.087	1.59E-015
0.088	1.67E-015
0.089	1.57E-015
0.09	1.60E-015
0.091	1.63E-015
0.092	1.65E-015
0.093	1.44E-015
0.094	1.30E-015
0.095	1.27E-015
0.096	1.30E-015
0.097	1.20E-015
0.098	1.35E-015
0.099	1.46E-015
0.1	1.62E-015
0.101	1.85E-015
0.102	-0.0005364074
0.103	-0.0010468541
0.104	-0.0015319907
0.105	-0.0019924565
0.106	-0.0024288794
0.107	-0.0028418765
0.108	-0.0032320535
0.109	-0.0036000053
0.11	-0.0039463163
0.111	-0.0042715599
0.112	-0.0045762992
0.113	-0.0048610868
0.114	-0.005126465
0.115	-0.0053729662
0.116	-0.0056011123
0.117	-0.0058114159
0.118	-0.0060043792
0.119	-0.0061804952
0.12	-0.0063402471
0.121	-0.0064841089
0.122	-0.0066125452
0.123	-0.0067260113
0.124	-0.0068249537
0.125	-0.0069098098
0.126	-0.0069810083
0.127	-0.0070389692
0.128	-0.0070841038
0.129	-0.0071168151
0.13	-0.0071374978
0.131	-0.0071465383
0.132	-0.0071443148
0.133	-0.0071311978
0.134	-0.0071075497
0.135	-0.0070737253
0.136	-0.0070300718
0.137	-0.0069769286
0.138	-0.006914628
0.139	-0.0068434949
0.14	-0.0067638471
0.141	-0.0066759952
0.142	-0.0065802428
0.143	-0.0064768868
0.144	-0.0063662174
0.145	-0.0062485179
0.146	-0.0061240653
0.147	-0.0059931301
0.148	-0.0058559766
0.149	-0.0057128626
0.15	-0.00556404
0.151	-0.0054097546
0.152	-0.0052502465
0.153	-0.0050857496
0.154	-0.0049164924
0.155	-0.0047426976
0.156	-0.0045645826
0.157	-0.0043823591
0.158	-0.0041962337
0.159	-0.0040064075
0.16	-0.0038130768
0.161	-0.0036164326
0.162	-0.003416661
0.163	-0.0032139432
0.164	-0.0030084556
0.165	-0.0028003701
0.166	-0.0025898537
0.167	-0.0023770691
0.168	-0.0021621745
0.169	-0.0019453236
0.17	-0.0017266659
0.171	-0.0015063469
0.172	-0.0012845078
0.173	-0.0010612857
0.174	-0.0008368139
0.175	-0.0006112218
0.176	-0.000384635
0.177	-0.0001571751
0.178	7.10E-005
0.179	0.0002998941
0.18	0.0005292779
0.181	0.000759083
0.182	0.0009892053
0.183	0.0012195436
0.184	0.0014500003
0.185	0.0016804806
0.186	0.0019108932
0.187	0.0021411495
0.188	0.0023711639
0.189	0.0026008539
0.19	0.0028301397
0.191	0.0030589442
0.192	0.0032871932
0.193	0.0035148149
0.194	0.0037417405
0.195	0.0039679033
0.196	0.0041932394
0.197	0.0044176871
0.198	0.0046411872
0.199	0.0048636828
0.2	0.0050851192
0.201	0.0053054441
0.202	0.0055246071
0.203	0.00574256
0.204	0.0059592568
0.205	0.0061746532
0.206	0.0063887072
0.207	0.0066013786
0.208	0.0068126288
0.209	0.0070224214
0.21	0.0072307216
0.211	0.0074374963
0.212	0.0076427142
0.213	0.0078463454
0.214	0.008048362
0.215	0.0082487372
0.216	0.0084474461
0.217	0.008644465
0.218	0.0088397718
0.219	0.0090333459
0.22	0.0092251677
0.221	0.0094152192
0.222	0.0096034838
0.223	0.0097899458
0.224	0.009974591
0.225	0.0101574062
0.226	0.0103383796
0.227	0.0105175002
0.228	0.0106947583
0.229	0.0108701452
0.23	0.0110436533
0.231	0.0112152758
0.232	0.0113850069
0.233	0.011552842
0.234	0.0117187771
0.235	0.0118828092
0.236	0.0120449362
0.237	0.0122051566
0.238	0.0123634699
0.239	0.0125198764
0.24	0.012674377
0.241	0.0128269734
0.242	0.0129776679
0.243	0.0131264637
0.244	0.0132733643
0.245	0.0134183741
0.246	0.0135614981
0.247	0.0137027416
0.248	0.0138421109
0.249	0.0139796125
0.25	0.0141152534
0.251	0.0142490414
0.252	0.0143809845
0.253	0.0145110913
0.254	0.0146393707
0.255	0.0147658322
0.256	0.0148904857
0.257	0.0150133413
0.258	0.0151344096
0.259	0.0152537016
0.26	0.0153712286
0.261	0.0154870022
0.262	0.0156010343
0.263	0.0157133372
0.264	0.0158239232
0.265	0.0159328052
0.266	0.0160399963
0.267	0.0161455096
0.268	0.0162493586
0.269	0.016351557
0.27	0.0164521188
0.271	0.016551058
0.272	0.0166483889
0.273	0.0167441258
0.274	0.0168382834
0.275	0.0169308764
0.276	0.0170219196
0.277	0.0171114281
0.278	0.0171994168
0.279	0.0172859011
0.28	0.0173708962
0.281	0.0174544175
0.282	0.0175364803
0.283	0.0176171003
0.284	0.0176962931
0.285	0.0177740741
0.286	0.0178504592
0.287	0.017925464
0.288	0.0179991043
0.289	0.0180713957
0.29	0.0181423542
0.291	0.0182119954
0.292	0.0182803351
0.293	0.0183473892
0.294	0.0184131733
0.295	0.0184777032
0.296	0.0185409946
0.297	0.0186030633
0.298	0.0186639249
0.299	0.018723595
0.3	0.0187820892
0.301	0.018839423
0.302	0.0188956119
0.303	0.0189506714
0.304	0.0190046167
0.305	0.0190574632
0.306	0.0191092262
0.307	0.0191599207
0.308	0.0192095618
0.309	0.0192581646
0.31	0.0193057439
0.311	0.0193523146
0.312	0.0193978914
0.313	0.019442489
0.314	0.0194861219
0.315	0.0195288046
0.316	0.0195705514
0.317	0.0196113766
0.318	0.0196512944
0.319	0.0196903187
0.32	0.0197284635
0.321	0.0197657426
0.322	0.0198021698
0.323	0.0198377585
0.324	0.0198725224
0.325	0.0199064748
0.326	0.0199396289
0.327	0.0199719978
0.328	0.0200035946
0.329	0.020034432
0.33	0.020064523
0.331	0.0200938801
0.332	0.0201225157
0.333	0.0201504424
0.334	0.0201776723
0.335	0.0202042176
0.336	0.0202300902
0.337	0.0202553021
0.338	0.0202798649
0.339	0.0203037904
0.34	0.0203270899
0.341	0.0203497748
0.342	0.0203718564
0.343	0.0203933457
0.344	0.0204142537
0.345	0.0204345912
0.346	0.0204543689
0.347	0.0204735974
0.348	0.0204922871
0.349	0.0205104484
0.35	0.0205280913
0.351	0.0205452261
0.352	0.0205618624
0.353	0.0205780103
0.354	0.0205936792
0.355	0.0206088788
0.356	0.0206236185
0.357	0.0206379075
0.358	0.020651755
0.359	0.02066517
0.36	0.0206781614
0.361	0.0206907379
0.362	0.0207029083
0.363	0.0207146811
0.364	0.0207260646
0.365	0.0207370671
0.366	0.0207476969
0.367	0.0207579618
0.368	0.02076787
0.369	0.020777429
0.37	0.0207866467
0.371	0.0207955306
0.372	0.0208040881
0.373	0.0208123266
0.374	0.0208202532
0.375	0.0208278752
0.376	0.0208351994
0.377	0.0208422328
0.378	0.0208489821
0.379	0.0208554539
0.38	0.0208616549
0.381	0.0208675914
0.382	0.0208732698
0.383	0.0208786963
0.384	0.0208838771
0.385	0.0208888181
0.386	0.0208935253
0.387	0.0208980044
0.388	0.0209022613
0.389	0.0209063014
0.39	0.0209101304
0.391	0.0209137536
0.392	0.0209171763
0.393	0.0209204038
0.394	0.0209234412
0.395	0.0209262935
0.396	0.0209289657
0.397	0.0209314626
0.398	0.020933789
0.399	0.0209359496
0.4	0.0209379489
0.401	0.0209397915
0.402	0.0209414817
0.403	0.020943024
0.404	0.0209444224
0.405	0.0209456812
0.406	0.0209468045
0.407	0.0209477963
0.408	0.0209486604
0.409	0.0209494008
0.41	0.0209500212
0.411	0.0209505253
0.412	0.0209509166
0.413	0.0209511988
0.414	0.0209513753
0.415	0.0209514495
0.416	0.0209514248
0.417	0.0209513042
0.418	0.0209510912
0.419	0.0209507887
0.42	0.0209503998
0.421	0.0209499276
0.422	0.0209493748
0.423	0.0209487445
0.424	0.0209480393
0.425	0.020947262
0.426	0.0209464152
0.427	0.0209455016
0.428	0.0209445238
0.429	0.0209434842
0.43	0.0209423852
0.431	0.0209412292
0.432	0.0209400186
0.433	0.0209387555
0.434	0.0209374423
0.435	0.0209360811
0.436	0.020934674
0.437	0.020933223
0.438	0.0209317301
0.439	0.0209301974
0.44	0.0209286267
0.441	0.0209270198
0.442	0.0209253787
0.443	0.020923705
0.444	0.0209220006
0.445	0.0209202669
0.446	0.0209185058
0.447	0.0209167188
0.448	0.0209149074
0.449	0.0209130732
0.45	0.0209112176
0.451	0.020909342
0.452	0.0209074479
0.453	0.0209055366
0.454	0.0209036094
0.455	0.0209016676
0.456	0.0208997124
0.457	0.0208977451
0.458	0.0208957667
0.459	0.0208937785
0.46	0.0208917816
0.461	0.0208897769
0.462	0.0208877656
0.463	0.0208857487
0.464	0.0208837271
0.465	0.0208817018
0.466	0.0208796737
0.467	0.0208776437
0.468	0.0208756127
0.469	0.0208735814
0.47	0.0208715507
0.471	0.0208695214
0.472	0.0208674942
0.473	0.0208654699
0.474	0.0208634491
0.475	0.0208614325
0.476	0.0208594208
0.477	0.0208574146
0.478	0.0208554145
0.479	0.0208534211
0.48	0.0208514349
0.481	0.0208494566
0.482	0.0208474866
0.483	0.0208455254
0.484	0.0208435735
0.485	0.0208416314
0.486	0.0208396995
0.487	0.0208377783
0.488	0.020835868
0.489	0.0208339692
0.49	0.0208320822
0.491	0.0208302074
0.492	0.020828345
0.493	0.0208264954
0.494	0.020824659
0.495	0.020822836
0.496	0.0208210266
0.497	0.0208192312
0.498	0.02081745
0.499	0.0208156832
0.5	0.0208139311
0.501	0.0208121938
0.502	0.0208104715
0.503	0.0208087645
0.504	0.0208070729
0.505	0.0208053969
0.506	0.0208037365
0.507	0.020802092
0.508	0.0208004635
0.509	0.0207988511
0.51	0.0207972549
0.511	0.0207956749
0.512	0.0207941113
0.513	0.0207925642
0.514	0.0207910336
0.515	0.0207895196
0.516	0.0207880222
0.517	0.0207865414
0.518	0.0207850774
0.519	0.0207836301
0.52	0.0207821996
0.521	0.0207807858
0.522	0.0207793888
0.523	0.0207780085
0.524	0.020776645
0.525	0.0207752983
0.526	0.0207739682
0.527	0.0207726549
0.528	0.0207713582
0.529	0.0207700782
0.53	0.0207688147
0.531	0.0207675678
0.532	0.0207663374
0.533	0.0207651233
0.534	0.0207639257
0.535	0.0207627443
0.536	0.0207615792
0.537	0.0207604302
0.538	0.0207592973
0.539	0.0207581803
0.54	0.0207570793
0.541	0.0207559941
0.542	0.0207549245
0.543	0.0207538707
0.544	0.0207528323
0.545	0.0207518093
0.546	0.0207508017
0.547	0.0207498093
0.548	0.0207488319
0.549	0.0207478696
0.55	0.0207469221
0.551	0.0207459894
0.552	0.0207450713
0.553	0.0207441678
0.554	0.0207432786
0.555	0.0207424037
0.556	0.020741543
0.557	0.0207406962
0.558	0.0207398634
0.559	0.0207390443
0.56	0.0207382388
0.561	0.0207374469
0.562	0.0207366683
0.563	0.0207359029
0.564	0.0207351507
0.565	0.0207344114
0.566	0.0207336849
0.567	0.0207329711
0.568	0.0207322699
0.569	0.0207315811
0.57	0.0207309046
0.571	0.0207302402
0.572	0.0207295878
0.573	0.0207289473
0.574	0.0207283185
0.575	0.0207277013
0.576	0.0207270955
0.577	0.0207265011
0.578	0.0207259178
0.579	0.0207253455
0.58	0.0207247842
0.581	0.0207242336
0.582	0.0207236936
0.583	0.0207231641
0.584	0.0207226449
0.585	0.020722136
0.586	0.0207216371
0.587	0.0207211482
0.588	0.020720669
0.589	0.0207201995
0.59	0.0207197396
0.591	0.020719289
0.592	0.0207188478
0.593	0.0207184156
0.594	0.0207179925
0.595	0.0207175782
0.596	0.0207171727
0.597	0.0207167757
0.598	0.0207163873
0.599	0.0207160072
0.6	0.0207156354
0.601	0.0207152717
0.602	0.0207149159
0.603	0.020714568
0.604	0.0207142279
0.605	0.0207138953
0.606	0.0207135703
0.607	0.0207132526
0.608	0.0207129422
0.609	0.0207126389
0.61	0.0207123427
0.611	0.0207120533
0.612	0.0207117708
0.613	0.0207114949
0.614	0.0207112256
0.615	0.0207109628
0.616	0.0207107063
0.617	0.020710456
0.618	0.0207102119
0.619	0.0207099738
0.62	0.0207097416
0.621	0.0207095152
0.622	0.0207092945
0.623	0.0207090794
0.624	0.0207088699
0.625	0.0207086657
0.626	0.0207084669
0.627	0.0207082732
0.628	0.0207080847
0.629	0.0207079012
0.63	0.0207077226
0.631	0.0207075489
0.632	0.0207073799
0.633	0.0207072155
0.634	0.0207070557
0.635	0.0207069004
0.636	0.0207067494
0.637	0.0207066028
0.638	0.0207064603
0.639	0.020706322
0.64	0.0207061877
0.641	0.0207060574
0.642	0.020705931
0.643	0.0207058084
0.644	0.0207056895
0.645	0.0207055743
0.646	0.0207054626
0.647	0.0207053544
0.648	0.0207052497
0.649	0.0207051483
0.65	0.0207050502
0.651	0.0207049553
0.652	0.0207048635
0.653	0.0207047748
0.654	0.0207046891
0.655	0.0207046063
0.656	0.0207045264
0.657	0.0207044493
0.658	0.020704375
0.659	0.0207043033
0.66	0.0207042343
0.661	0.0207041678
0.662	0.0207041038
0.663	0.0207040422
0.664	0.020703983
0.665	0.0207039262
0.666	0.0207038716
0.667	0.0207038192
0.668	0.020703769
0.669	0.0207037209
0.67	0.0207036749
0.671	0.0207036309
0.672	0.0207035888
0.673	0.0207035486
0.674	0.0207035103
0.675	0.0207034737
0.676	0.020703439
0.677	0.0207034059
0.678	0.0207033746
0.679	0.0207033448
0.68	0.0207033167
0.681	0.02070329
0.682	0.0207032649
0.683	0.0207032412
0.684	0.020703219
0.685	0.0207031981
0.686	0.0207031786
0.687	0.0207031603
0.688	0.0207031434
0.689	0.0207031276
0.69	0.0207031131
0.691	0.0207030996
0.692	0.0207030874
0.693	0.0207030762
0.694	0.020703066
0.695	0.0207030569
0.696	0.0207030487
0.697	0.0207030416
0.698	0.0207030353
0.699	0.02070303
0.7	0.0207030255
0.701	0.0207030218
0.702	0.020703019
0.703	0.0207030169
0.704	0.0207030156
0.705	0.020703015
0.706	0.0207030152
0.707	0.020703016
0.708	0.0207030175
0.709	0.0207030196
0.71	0.0207030223
0.711	0.0207030256
0.712	0.0207030294
0.713	0.0207030338
0.714	0.0207030387
0.715	0.0207030441
0.716	0.02070305
0.717	0.0207030564
0.718	0.0207030632
0.719	0.0207030704
0.72	0.020703078
0.721	0.0207030859
0.722	0.0207030943
0.723	0.020703103
0.724	0.020703112
0.725	0.0207031213
0.726	0.020703131
0.727	0.0207031409
0.728	0.0207031511
0.729	0.0207031615
0.73	0.0207031722
0.731	0.0207031831
0.732	0.0207031942
0.733	0.0207032055
0.734	0.020703217
0.735	0.0207032287
0.736	0.0207032405
0.737	0.0207032524
0.738	0.0207032645
0.739	0.0207032768
0.74	0.0207032891
0.741	0.0207033015
0.742	0.0207033141
0.743	0.0207033267
0.744	0.0207033394
0.745	0.0207033521
0.746	0.0207033649
0.747	0.0207033778
0.748	0.0207033907
0.749	0.0207034036
0.75	0.0207034165
0.751	0.0207034294
0.752	0.0207034424
0.753	0.0207034553
0.754	0.0207034683
0.755	0.0207034812
0.756	0.0207034941
0.757	0.0207035069
0.758	0.0207035198
0.759	0.0207035326
0.76	0.0207035453
0.761	0.020703558
0.762	0.0207035706
0.763	0.0207035832
0.764	0.0207035957
0.765	0.0207036081
0.766	0.0207036204
0.767	0.0207036327
0.768	0.0207036448
0.769	0.0207036569
0.77	0.0207036689
0.771	0.0207036808
0.772	0.0207036926
0.773	0.0207037042
0.774	0.0207037158
0.775	0.0207037273
0.776	0.0207037386
0.777	0.0207037498
0.778	0.0207037609
0.779	0.0207037719
0.78	0.0207037827
0.781	0.0207037935
0.782	0.020703804
0.783	0.0207038145
0.784	0.0207038248
0.785	0.020703835
0.786	0.0207038451
0.787	0.020703855
0.788	0.0207038647
0.789	0.0207038744
0.79	0.0207038838
0.791	0.0207038932
0.792	0.0207039024
0.793	0.0207039114
0.794	0.0207039203
0.795	0.020703929
0.796	0.0207039376
0.797	0.0207039461
0.798	0.0207039544
0.799	0.0207039625
0.8	0.0207039705
0.801	0.0207039783
0.802	0.020703986
0.803	0.0207039936
0.804	0.0207040009
0.805	0.0207040082
0.806	0.0207040152
0.807	0.0207040221
0.808	0.0207040289
0.809	0.0207040355
0.81	0.020704042
0.811	0.0207040483
0.812	0.0207040544
0.813	0.0207040604
0.814	0.0207040663
0.815	0.020704072
0.816	0.0207040775
0.817	0.0207040829
0.818	0.0207040881
0.819	0.0207040932
0.82	0.0207040982
0.821	0.020704103
0.822	0.0207041076
0.823	0.0207041121
0.824	0.0207041165
0.825	0.0207041207
0.826	0.0207041247
0.827	0.0207041287
0.828	0.0207041324
0.829	0.0207041361
0.83	0.0207041396
0.831	0.0207041429
0.832	0.0207041461
0.833	0.0207041492
0.834	0.0207041521
0.835	0.020704155
0.836	0.0207041576
0.837	0.0207041602
0.838	0.0207041626
0.839	0.0207041648
0.84	0.020704167
0.841	0.020704169
0.842	0.0207041709
0.843	0.0207041726
0.844	0.0207041742
0.845	0.0207041757
0.846	0.0207041771
0.847	0.0207041784
0.848	0.0207041795
0.849	0.0207041805
0.85	0.0207041814
0.851	0.0207041822
0.852	0.0207041828
0.853	0.0207041834
0.854	0.0207041838
0.855	0.0207041841
0.856	0.0207041843
0.857	0.0207041844
0.858	0.0207041844
0.859	0.0207041843
0.86	0.020704184
0.861	0.0207041837
0.862	0.0207041832
0.863	0.0207041827
0.864	0.020704182
0.865	0.0207041813
0.866	0.0207041804
0.867	0.0207041795
0.868	0.0207041784
0.869	0.0207041773
0.87	0.020704176
0.871	0.0207041747
0.872	0.0207041733
0.873	0.0207041718
0.874	0.0207041702
0.875	0.0207041685
0.876	0.0207041667
0.877	0.0207041648
0.878	0.0207041628
0.879	0.0207041608
0.88	0.0207041587
0.881	0.0207041565
0.882	0.0207041542
0.883	0.0207041518
0.884	0.0207041493
0.885	0.0207041468
0.886	0.0207041442
0.887	0.0207041415
0.888	0.0207041388
0.889	0.0207041359
0.89	0.020704133
0.891	0.0207041301
0.892	0.020704127
0.893	0.0207041239
0.894	0.0207041207
0.895	0.0207041175
0.896	0.0207041141
0.897	0.0207041108
0.898	0.0207041073
0.899	0.0207041038
0.9	0.0207041002
0.901	0.0207040966
0.902	0.0207040929
0.903	0.0207040891
0.904	0.0207040853
0.905	0.0207040815
0.906	0.0207040775
0.907	0.0207040735
0.908	0.0207040695
0.909	0.0207040654
0.91	0.0207040613
0.911	0.0207040571
0.912	0.0207040528
0.913	0.0207040485
0.914	0.0207040442
0.915	0.0207040398
0.916	0.0207040353
0.917	0.0207040308
0.918	0.0207040263
0.919	0.0207040217
0.92	0.020704017
0.921	0.0207040124
0.922	0.0207040076
0.923	0.0207040029
0.924	0.0207039981
0.925	0.0207039932
0.926	0.0207039883
0.927	0.0207039834
0.928	0.0207039784
0.929	0.0207039734
0.93	0.0207039684
0.931	0.0207039633
0.932	0.0207039581
0.933	0.020703953
0.934	0.0207039478
0.935	0.0207039426
0.936	0.0207039373
0.937	0.020703932
0.938	0.0207039267
0.939	0.0207039213
0.94	0.0207039159
0.941	0.0207039105
0.942	0.020703905
0.943	0.0207038995
0.944	0.020703894
0.945	0.0207038885
0.946	0.0207038829
0.947	0.0207038773
0.948	0.0207038717
0.949	0.020703866
0.95	0.0207038603
0.951	0.0207038546
0.952	0.0207038489
0.953	0.0207038431
0.954	0.0207038373
0.955	0.0207038315
0.956	0.0207038257
0.957	0.0207038198
0.958	0.0207038139
0.959	0.020703808
0.96	0.0207038021
0.961	0.0207037961
0.962	0.0207037902
0.963	0.0207037842
0.964	0.0207037781
0.965	0.0207037721
0.966	0.0207037661
0.967	0.02070376
0.968	0.0207037539
0.969	0.0207037478
0.97	0.0207037417
0.971	0.0207037355
0.972	0.0207037293
0.973	0.0207037232
0.974	0.020703717
0.975	0.0207037107
0.976	0.0207037045
0.977	0.0207036983
0.978	0.020703692
0.979	0.0207036857
0.98	0.0207036794
0.981	0.0207036731
0.982	0.0207036668
0.983	0.0207036604
0.984	0.0207036541
0.985	0.0207036477
0.986	0.0207036413
0.987	0.0207036349
0.988	0.0207036285
0.989	0.0207036221
0.99	0.0207036156
0.991	0.0207036092
0.992	0.0207036027
0.993	0.0207035963
0.994	0.0207035898
0.995	0.0207035833
0.996	0.0207035768
0.997	0.0207035702
0.998	0.0207035637
0.999	0.0207035572
1	0.0207035506
1.001	0.020703544
1.002	0.0207035375
1.003	0.0207035309
1.004	0.0207035243
1.005	0.0207035177
1.006	0.020703511
1.007	0.0207035044
1.008	0.0207034978
1.009	0.0207034911
1.01	0.0207034845
1.011	0.0207034778
1.012	0.0207034711
1.013	0.0207034644
1.014	0.0207034577
1.015	0.020703451
1.016	0.0207034443
1.017	0.0207034376
1.018	0.0207034309
1.019	0.0207034242
1.02	0.0207034174
1.021	0.0207034107
1.022	0.0207034039
1.023	0.0207033971
1.024	0.0207033904
1.025	0.0207033836
1.026	0.0207033768
1.027	0.02070337
1.028	0.0207033632
1.029	0.0207033564
1.03	0.0207033495
1.031	0.0207033427
1.032	0.0207033359
1.033	0.020703329
1.034	0.0207033222
1.035	0.0207033153
1.036	0.0207033085
1.037	0.0207033016
1.038	0.0207032947
1.039	0.0207032879
1.04	0.020703281
1.041	0.0207032741
1.042	0.0207032672
1.043	0.0207032603
1.044	0.0207032534
1.045	0.0207032464
1.046	0.0207032395
1.047	0.0207032326
1.048	0.0207032256
1.049	0.0207032187
1.05	0.0207032117
1.051	0.0207032048
1.052	0.0207031978
1.053	0.0207031908
1.054	0.0207031839
1.055	0.0207031769
1.056	0.0207031699
1.057	0.0207031629
1.058	0.0207031559
1.059	0.0207031489
1.06	0.0207031419
1.061	0.0207031349
1.062	0.0207031279
1.063	0.0207031208
1.064	0.0207031138
1.065	0.0207031068
1.066	0.0207030997
1.067	0.0207030927
1.068	0.0207030856
1.069	0.0207030786
1.07	0.0207030715
1.071	0.0207030644
1.072	0.0207030574
1.073	0.0207030503
1.074	0.0207030432
1.075	0.0207030361
1.076	0.020703029
1.077	0.0207030219
1.078	0.0207030148
1.079	0.0207030077
1.08	0.0207030005
1.081	0.0207029934
1.082	0.0207029863
1.083	0.0207029791
1.084	0.020702972
1.085	0.0207029649
1.086	0.0207029577
1.087	0.0207029505
1.088	0.0207029434
1.089	0.0207029362
1.09	0.020702929
1.091	0.0207029219
1.092	0.0207029147
1.093	0.0207029075
1.094	0.0207029003
1.095	0.0207028931
1.096	0.0207028859
1.097	0.0207028787
1.098	0.0207028714
1.099	0.0207028642
1.1	0.020702857
1.101	0.0207028498
1.102	0.0207028425
1.103	0.0207028353
1.104	0.020702828
1.105	0.0207028208
1.106	0.0207028135
1.107	0.0207028062
1.108	0.020702799
1.109	0.0207027917
1.11	0.0207027844
1.111	0.0207027771
1.112	0.0207027698
1.113	0.0207027625
1.114	0.0207027552
1.115	0.0207027479
1.116	0.0207027406
1.117	0.0207027333
1.118	0.020702726
1.119	0.0207027186
1.12	0.0207027113
1.121	0.0207027039
1.122	0.0207026966
1.123	0.0207026892
1.124	0.0207026819
1.125	0.0207026745
1.126	0.0207026671
1.127	0.0207026598
1.128	0.0207026524
1.129	0.020702645
1.13	0.0207026376
1.131	0.0207026302
1.132	0.0207026228
1.133	0.0207026154
1.134	0.020702608
1.135	0.0207026005
1.136	0.0207025931
1.137	0.0207025857
1.138	0.0207025782
1.139	0.0207025708
1.14	0.0207025633
1.141	0.0207025559
1.142	0.0207025484
1.143	0.020702541
1.144	0.0207025335
1.145	0.020702526
1.146	0.0207025185
1.147	0.020702511
1.148	0.0207025035
1.149	0.020702496
1.15	0.0207024885
1.151	0.020702481
1.152	0.0207024735
1.153	0.0207024659
1.154	0.0207024584
1.155	0.0207024509
1.156	0.0207024433
1.157	0.0207024358
1.158	0.0207024282
1.159	0.0207024207
1.16	0.0207024131
1.161	0.0207024055
1.162	0.0207023979
1.163	0.0207023904
1.164	0.0207023828
1.165	0.0207023752
1.166	0.0207023676
1.167	0.0207023599
1.168	0.0207023523
1.169	0.0207023447
1.17	0.0207023371
1.171	0.0207023294
1.172	0.0207023218
1.173	0.0207023142
1.174	0.0207023065
1.175	0.0207022988
1.176	0.0207022912
1.177	0.0207022835
1.178	0.0207022758
1.179	0.0207022681
1.18	0.0207022605
1.181	0.0207022528
1.182	0.0207022451
1.183	0.0207022373
1.184	0.0207022296
1.185	0.0207022219
1.186	0.0207022142
1.187	0.0207022065
1.188	0.0207021987
1.189	0.020702191
1.19	0.0207021832
1.191	0.0207021755
1.192	0.0207021677
1.193	0.0207021599
1.194	0.0207021521
1.195	0.0207021444
1.196	0.0207021366
1.197	0.0207021288
1.198	0.020702121
1.199	0.0207021132
1.2	0.0207021054
1.201	0.0207020975
1.202	0.0207020897
1.203	0.0207020819
1.204	0.020702074
1.205	0.0207020662
1.206	0.0207020583
1.207	0.0207020505
1.208	0.0207020426
1.209	0.0207020347
1.21	0.0207020269
1.211	0.020702019
1.212	0.0207020111
1.213	0.0207020032
1.214	0.0207019953
1.215	0.0207019874
1.216	0.0207019795
1.217	0.0207019715
1.218	0.0207019636
1.219	0.0207019557
1.22	0.0207019477
1.221	0.0207019398
1.222	0.0207019318
1.223	0.0207019239
1.224	0.0207019159
1.225	0.0207019079
1.226	0.0207018999
1.227	0.0207018919
1.228	0.020701884
1.229	0.0207018759
1.23	0.0207018679
1.231	0.0207018599
1.232	0.0207018519
1.233	0.0207018439
1.234	0.0207018358
1.235	0.0207018278
1.236	0.0207018198
1.237	0.0207018117
1.238	0.0207018037
1.239	0.0207017956
1.24	0.0207017875
1.241	0.0207017794
1.242	0.0207017714
1.243	0.0207017633
1.244	0.0207017552
1.245	0.0207017471
1.246	0.0207017389
1.247	0.0207017308
1.248	0.0207017227
1.249	0.0207017146
1.25	0.0207017064
1.251	0.0207016983
1.252	0.0207016901
1.253	0.020701682
1.254	0.0207016738
1.255	0.0207016656
1.256	0.0207016575
1.257	0.0207016493
1.258	0.0207016411
1.259	0.0207016329
1.26	0.0207016247
1.261	0.0207016165
1.262	0.0207016083
1.263	0.0207016
1.264	0.0207015918
1.265	0.0207015836
1.266	0.0207015753
1.267	0.0207015671
1.268	0.0207015588
1.269	0.0207015506
1.27	0.0207015423
1.271	0.020701534
1.272	0.0207015257
1.273	0.0207015175
1.274	0.0207015092
1.275	0.0207015009
1.276	0.0207014925
1.277	0.0207014842
1.278	0.0207014759
1.279	0.0207014676
1.28	0.0207014592
1.281	0.0207014509
1.282	0.0207014426
1.283	0.0207014342
1.284	0.0207014258
1.285	0.0207014175
1.286	0.0207014091
1.287	0.0207014007
1.288	0.0207013923
1.289	0.0207013839
1.29	0.0207013755
1.291	0.0207013671
1.292	0.0207013587
1.293	0.0207013503
1.294	0.0207013418
1.295	0.0207013334
1.296	0.020701325
1.297	0.0207013165
1.298	0.0207013081
1.299	0.0207012996
1.3	0.0207012911
1.301	0.0207012827
1.302	0.0207012742
1.303	0.0207012657
1.304	0.0207012572
1.305	0.0207012487
1.306	0.0207012402
1.307	0.0207012317
1.308	0.0207012231
1.309	0.0207012146
1.31	0.0207012061
1.311	0.0207011975
1.312	0.020701189
1.313	0.0207011804
1.314	0.0207011719
1.315	0.0207011633
1.316	0.0207011547
1.317	0.0207011461
1.318	0.0207011376
1.319	0.020701129
1.32	0.0207011204
1.321	0.0207011117
1.322	0.0207011031
1.323	0.0207010945
1.324	0.0207010859
1.325	0.0207010772
1.326	0.0207010686
1.327	0.02070106
1.328	0.0207010513
1.329	0.0207010426
1.33	0.020701034
1.331	0.0207010253
1.332	0.0207010166
1.333	0.0207010079
1.334	0.0207009992
1.335	0.0207009905
1.336	0.0207009818
1.337	0.0207009731
1.338	0.0207009644
1.339	0.0207009556
1.34	0.0207009469
1.341	0.0207009382
1.342	0.0207009294
1.343	0.0207009207
1.344	0.0207009119
1.345	0.0207009031
1.346	0.0207008944
1.347	0.0207008856
1.348	0.0207008768
1.349	0.020700868
1.35	0.0207008592
1.351	0.0207008504
1.352	0.0207008416
1.353	0.0207008327
1.354	0.0207008239
1.355	0.0207008151
1.356	0.0207008062
1.357	0.0207007974
1.358	0.0207007885
1.359	0.0207007797
1.36	0.0207007708
1.361	0.0207007619
1.362	0.020700753
1.363	0.0207007441
1.364	0.0207007352
1.365	0.0207007263
1.366	0.0207007174
1.367	0.0207007085
1.368	0.0207006996
1.369	0.0207006907
1.37	0.0207006817
1.371	0.0207006728
1.372	0.0207006638
1.373	0.0207006549
1.374	0.0207006459
1.375	0.0207006369
1.376	0.020700628
1.377	0.020700619
1.378	0.02070061
1.379	0.020700601
1.38	0.020700592
1.381	0.020700583
1.382	0.020700574
1.383	0.0207005649
1.384	0.0207005559
1.385	0.0207005469
1.386	0.0207005378
1.387	0.0207005288
1.388	0.0207005197
1.389	0.0207005107
1.39	0.0207005016
1.391	0.0207004925
1.392	0.0207004834
1.393	0.0207004743
1.394	0.0207004652
1.395	0.0207004561
1.396	0.020700447
1.397	0.0207004379
1.398	0.0207004288
1.399	0.0207004197
1.4	0.0207004105
1.401	0.0207004014
1.402	0.0207003922
1.403	0.0207003831
1.404	0.0207003739
1.405	0.0207003647
1.406	0.0207003556
1.407	0.0207003464
1.408	0.0207003372
1.409	0.020700328
1.41	0.0207003188
1.411	0.0207003096
1.412	0.0207003004
1.413	0.0207002911
1.414	0.0207002819
1.415	0.0207002727
1.416	0.0207002634
1.417	0.0207002542
1.418	0.0207002449
1.419	0.0207002356
1.42	0.0207002264
1.421	0.0207002171
1.422	0.0207002078
1.423	0.0207001985
1.424	0.0207001892
1.425	0.0207001799
1.426	0.0207001706
1.427	0.0207001613
1.428	0.020700152
1.429	0.0207001426
1.43	0.0207001333
1.431	0.0207001239
1.432	0.0207001146
1.433	0.0207001052
1.434	0.0207000959
1.435	0.0207000865
1.436	0.0207000771
1.437	0.0207000677
1.438	0.0207000583
1.439	0.0207000489
1.44	0.0207000395
1.441	0.0207000301
1.442	0.0207000207
1.443	0.0207000113
1.444	0.0207000019
1.445	0.0206999924
1.446	0.020699983
1.447	0.0206999735
1.448	0.0206999641
1.449	0.0206999546
1.45	0.0206999451
1.451	0.0206999356
1.452	0.0206999262
1.453	0.0206999167
1.454	0.0206999072
1.455	0.0206998977
1.456	0.0206998882
1.457	0.0206998786
1.458	0.0206998691
1.459	0.0206998596
1.46	0.02069985
1.461	0.0206998405
1.462	0.0206998309
1.463	0.0206998214
1.464	0.0206998118
1.465	0.0206998022
1.466	0.0206997927
1.467	0.0206997831
1.468	0.0206997735
1.469	0.0206997639
1.47	0.0206997543
1.471	0.0206997447
1.472	0.0206997351
1.473	0.0206997254
1.474	0.0206997158
1.475	0.0206997062
1.476	0.0206996965
1.477	0.0206996869
1.478	0.0206996772
1.479	0.0206996675
1.48	0.0206996579
1.481	0.0206996482
1.482	0.0206996385
1.483	0.0206996288
1.484	0.0206996191
1.485	0.0206996094
1.486	0.0206995997
1.487	0.02069959
1.488	0.0206995802
1.489	0.0206995705
1.49	0.0206995608
1.491	0.020699551
1.492	0.0206995413
1.493	0.0206995315
1.494	0.0206995218
1.495	0.020699512
1.496	0.0206995022
1.497	0.0206994924
1.498	0.0206994826
1.499	0.0206994728
1.5	0.020699463
1.501	0.0206994532
1.502	0.0212358411
1.503	0.0217462557
1.504	0.0222313488
1.505	0.0226917606
1.506	0.0231281202
1.507	0.0235410453
1.508	0.0239311426
1.509	0.0242990081
1.51	0.0246452267
1.511	0.0249703728
1.512	0.02527501
1.513	0.0255596918
1.514	0.0258249612
1.515	0.026071351
1.516	0.026299384
1.517	0.026509573
1.518	0.0267024211
1.519	0.0268784216
1.52	0.0270380584
1.521	0.0271818057
1.522	0.0273101286
1.523	0.0274234829
1.524	0.0275223153
1.525	0.0276070638
1.526	0.0276781572
1.527	0.0277360159
1.528	0.0277810514
1.529	0.0278136672
1.53	0.027834258
1.531	0.0278432104
1.532	0.027840903
1.533	0.0278277064
1.534	0.0278039832
1.535	0.0277700882
1.536	0.0277263688
1.537	0.0276731647
1.538	0.0276108082
1.539	0.0275396242
1.54	0.0274599306
1.541	0.027372038
1.542	0.0272762504
1.543	0.0271728644
1.544	0.0270621702
1.545	0.0269444514
1.546	0.0268199849
1.547	0.0266890411
1.548	0.0265518842
1.549	0.0264087723
1.55	0.026259957
1.551	0.0261056843
1.552	0.025946194
1.553	0.0257817201
1.554	0.0256124911
1.555	0.0254387296
1.556	0.0252606527
1.557	0.0250784724
1.558	0.0248923949
1.559	0.0247026216
1.56	0.0245093483
1.561	0.0243127661
1.562	0.024113061
1.563	0.0239104141
1.564	0.0237050018
1.565	0.0234969957
1.566	0.0232865629
1.567	0.0230738658
1.568	0.0228590625
1.569	0.0226423068
1.57	0.0224237479
1.571	0.0222035313
1.572	0.0219817979
1.573	0.0217586849
1.574	0.0215343254
1.575	0.0213088486
1.576	0.02108238
1.577	0.0208550413
1.578	0.0206269505
1.579	0.0203982222
1.58	0.0201689674
1.581	0.0199392934
1.582	0.0197093047
1.583	0.0194791019
1.584	0.0192487828
1.585	0.019018442
1.586	0.0187881706
1.587	0.0185580573
1.588	0.0183281873
1.589	0.0180986432
1.59	0.0178695046
1.591	0.0176408485
1.592	0.0174127491
1.593	0.0171852778
1.594	0.0169585037
1.595	0.016732493
1.596	0.0165073099
1.597	0.0162830156
1.598	0.0160596695
1.599	0.0158373282
1.6	0.0156160464
1.601	0.0153958764
1.602	0.0151768684
1.603	0.0149590704
1.604	0.0147425286
1.605	0.0145272869
1.606	0.0143133875
1.607	0.0141008704
1.608	0.013889774
1.609	0.0136801347
1.61	0.0134719874
1.611	0.0132653649
1.612	0.0130602986
1.613	0.0128568181
1.614	0.0126549515
1.615	0.0124547253
1.616	0.0122561646
1.617	0.0120592927
1.618	0.0118641319
1.619	0.0116707028
1.62	0.0114790247
1.621	0.0112891156
1.622	0.0111009923
1.623	0.0109146701
1.624	0.0107301634
1.625	0.0105474852
1.626	0.0103666474
1.627	0.0101876609
1.628	0.0100105353
1.629	0.0098352793
1.63	0.0096619005
1.631	0.0094904057
1.632	0.0093208005
1.633	0.0091530896
1.634	0.008987277
1.635	0.0088233656
1.636	0.0086613575
1.637	0.0085012542
1.638	0.0083430561
1.639	0.0081867629
1.64	0.0080323738
1.641	0.007879887
1.642	0.0077293001
1.643	0.0075806101
1.644	0.0074338132
1.645	0.0072889052
1.646	0.007145881
1.647	0.0070047353
1.648	0.0068654619
1.649	0.0067280542
1.65	0.0065925051
1.651	0.0064588069
1.652	0.0063269517
1.653	0.0061969308
1.654	0.0060687351
1.655	0.0059423554
1.656	0.0058177818
1.657	0.005695004
1.658	0.0055740114
1.659	0.0054547932
1.66	0.005337338
1.661	0.0052216342
1.662	0.00510767
1.663	0.0049954331
1.664	0.0048849109
1.665	0.0047760909
1.666	0.0046689599
1.667	0.0045635047
1.668	0.0044597118
1.669	0.0043575677
1.67	0.0042570583
1.671	0.0041581696
1.672	0.0040608875
1.673	0.0039651974
1.674	0.0038710848
1.675	0.0037785349
1.676	0.0036875331
1.677	0.0035980643
1.678	0.0035101133
1.679	0.0034236652
1.68	0.0033387045
1.681	0.0032552159
1.682	0.0031731841
1.683	0.0030925934
1.684	0.0030134284
1.685	0.0029356734
1.686	0.0028593128
1.687	0.0027843309
1.688	0.002710712
1.689	0.0026384403
1.69	0.0025675002
1.691	0.0024978758
1.692	0.0024295515
1.693	0.0023625113
1.694	0.0022967397
1.695	0.0022322209
1.696	0.0021689391
1.697	0.0021068788
1.698	0.0020460243
1.699	0.0019863599
1.7	0.0019278701
1.701	0.0018705395
1.702	0.0018143525
1.703	0.0017592938
1.704	0.0017053481
1.705	0.0016524999
1.706	0.0016007343
1.707	0.0015500359
1.708	0.0015003898
1.709	0.001451781
1.71	0.0014041946
1.711	0.0013576158
1.712	0.0013120299
1.713	0.0012674223
1.714	0.0012237783
1.715	0.0011810837
1.716	0.001139324
1.717	0.0010984851
1.718	0.0010585528
1.719	0.001019513
1.72	0.000981352
1.721	0.0009440558
1.722	0.0009076108
1.723	0.0008720035
1.724	0.0008372203
1.725	0.0008032479
1.726	0.0007700731
1.727	0.0007376828
1.728	0.0007060641
1.729	0.000675204
1.73	0.0006450898
1.731	0.0006157089
1.732	0.0005870489
1.733	0.0005590973
1.734	0.000531842
1.735	0.0005052708
1.736	0.0004793717
1.737	0.0004541329
1.738	0.0004295427
1.739	0.0004055895
1.74	0.0003822618
1.741	0.0003595483
1.742	0.0003374378
1.743	0.0003159192
1.744	0.0002949816
1.745	0.0002746141
1.746	0.0002548061
1.747	0.000235547
1.748	0.0002168265
1.749	0.0001986341
1.75	0.0001809598
1.751	0.0001637935
1.752	0.0001471254
1.753	0.0001309456
1.754	0.0001152445
1.755	0.0001000125
1.756	8.52E-005
1.757	7.09E-005
1.758	5.70E-005
1.759	4.36E-005
1.76	3.06E-005
1.761	1.80E-005
1.762	5.75E-006
1.763	-6.05E-006
1.764	-1.75E-005
1.765	-2.85E-005
1.766	-3.92E-005
1.767	-4.95E-005
1.768	-5.94E-005
1.769	-6.90E-005
1.77	-7.83E-005
1.771	-8.72E-005
1.772	-9.58E-005
1.773	-0.0001040315
1.774	-0.0001119913
1.775	-0.0001196464
1.776	-0.0001270037
1.777	-0.00013407
1.778	-0.0001408522
1.779	-0.0001473568
1.78	-0.0001535905
1.781	-0.0001595596
1.782	-0.0001652704
1.783	-0.0001707293
1.784	-0.0001759422
1.785	-0.0001809153
1.786	-0.0001856544
1.787	-0.0001901653
1.788	-0.0001944537
1.789	-0.0001985253
1.79	-0.0002023855
1.791	-0.0002060398
1.792	-0.0002094934
1.793	-0.0002127516
1.794	-0.0002158195
1.795	-0.0002187021
1.796	-0.0002214045
1.797	-0.0002239313
1.798	-0.0002262874
1.799	-0.0002284775
1.8	-0.0002305061
1.801	-0.0002323777
1.802	-0.0002340967
1.803	-0.0002356675
1.804	-0.0002370943
1.805	-0.0002383812
1.806	-0.0002395324
1.807	-0.0002405518
1.808	-0.0002414434
1.809	-0.0002422109
1.81	-0.0002428582
1.811	-0.0002433889
1.812	-0.0002438066
1.813	-0.0002441149
1.814	-0.0002443173
1.815	-0.0002444171
1.816	-0.0002444177
1.817	-0.0002443223
1.818	-0.0002441341
1.819	-0.0002438561
1.82	-0.0002434916
1.821	-0.0002430434
1.822	-0.0002425144
1.823	-0.0002419075
1.824	-0.0002412256
1.825	-0.0002404712
1.826	-0.0002396472
1.827	-0.0002387561
1.828	-0.0002378004
1.829	-0.0002367826
1.83	-0.0002357053
1.831	-0.0002345707
1.832	-0.0002333811
1.833	-0.0002321389
1.834	-0.0002308463
1.835	-0.0002295053
1.836	-0.0002281182
1.837	-0.000226687
1.838	-0.0002252137
1.839	-0.0002237002
1.84	-0.0002221484
1.841	-0.0002205603
1.842	-0.0002189376
1.843	-0.0002172822
1.844	-0.0002155956
1.845	-0.0002138797
1.846	-0.000212136
1.847	-0.0002103662
1.848	-0.0002085717
1.849	-0.0002067542
1.85	-0.000204915
1.851	-0.0002030556
1.852	-0.0002011774
1.853	-0.0001992818
1.854	-0.0001973701
1.855	-0.0001954435
1.856	-0.0001935033
1.857	-0.0001915506
1.858	-0.0001895868
1.859	-0.0001876128
1.86	-0.0001856299
1.861	-0.0001836391
1.862	-0.0001816414
1.863	-0.0001796378
1.864	-0.0001776294
1.865	-0.000175617
1.866	-0.0001736016
1.867	-0.0001715841
1.868	-0.0001695653
1.869	-0.0001675461
1.87	-0.0001655273
1.871	-0.0001635096
1.872	-0.0001614938
1.873	-0.0001594807
1.874	-0.000157471
1.875	-0.0001554652
1.876	-0.0001534641
1.877	-0.0001514684
1.878	-0.0001494786
1.879	-0.0001474953
1.88	-0.000145519
1.881	-0.0001435504
1.882	-0.0001415899
1.883	-0.0001396381
1.884	-0.0001376954
1.885	-0.0001357623
1.886	-0.0001338392
1.887	-0.0001319266
1.888	-0.0001300249
1.889	-0.0001281344
1.89	-0.0001262556
1.891	-0.0001243887
1.892	-0.0001225342
1.893	-0.0001206924
1.894	-0.0001188635
1.895	-0.0001170478
1.896	-0.0001152457
1.897	-0.0001134575
1.898	-0.0001116832
1.899	-0.0001099232
1.9	-0.0001081778
1.901	-0.0001064471
1.902	-0.0001047313
1.903	-0.0001030306
1.904	-0.0001013451
1.905	-9.97E-005
1.906	-9.80E-005
1.907	-9.64E-005
1.908	-9.48E-005
1.909	-9.32E-005
1.91	-9.16E-005
1.911	-9.00E-005
1.912	-8.84E-005
1.913	-8.69E-005
1.914	-8.54E-005
1.915	-8.39E-005
1.916	-8.24E-005
1.917	-8.09E-005
1.918	-7.94E-005
1.919	-7.80E-005
1.92	-7.66E-005
1.921	-7.51E-005
1.922	-7.38E-005
1.923	-7.24E-005
1.924	-7.10E-005
1.925	-6.97E-005
1.926	-6.83E-005
1.927	-6.70E-005
1.928	-6.57E-005
1.929	-6.45E-005
1.93	-6.32E-005
1.931	-6.20E-005
1.932	-6.07E-005
1.933	-5.95E-005
1.934	-5.83E-005
1.935	-5.72E-005
1.936	-5.60E-005
1.937	-5.48E-005
1.938	-5.37E-005
1.939	-5.26E-005
1.94	-5.15E-005
1.941	-5.04E-005
1.942	-4.94E-005
1.943	-4.83E-005
1.944	-4.73E-005
1.945	-4.63E-005
1.946	-4.52E-005
1.947	-4.43E-005
1.948	-4.33E-005
1.949	-4.23E-005
1.95	-4.14E-005
1.951	-4.04E-005
1.952	-3.95E-005
1.953	-3.86E-005
1.954	-3.77E-005
1.955	-3.69E-005
1.956	-3.60E-005
1.957	-3.52E-005
1.958	-3.43E-005
1.959	-3.35E-005
1.96	-3.27E-005
1.961	-3.19E-005
1.962	-3.12E-005
1.963	-3.04E-005
1.964	-2.96E-005
1.965	-2.89E-005
1.966	-2.82E-005
1.967	-2.75E-005
1.968	-2.68E-005
1.969	-2.61E-005
1.97	-2.54E-005
1.971	-2.47E-005
1.972	-2.41E-005
1.973	-2.35E-005
1.974	-2.28E-005
1.975	-2.22E-005
1.976	-2.16E-005
1.977	-2.10E-005
1.978	-2.04E-005
1.979	-1.99E-005
1.98	-1.93E-005
1.981	-1.88E-005
1.982	-1.82E-005
1.983	-1.77E-005
1.984	-1.72E-005
1.985	-1.67E-005
1.986	-1.62E-005
1.987	-1.57E-005
1.988	-1.52E-005
1.989	-1.47E-005
1.99	-1.43E-005
1.991	-1.38E-005
1.992	-1.34E-005
1.993	-1.30E-005
1.994	-1.25E-005
1.995	-1.21E-005
1.996	-1.17E-005
1.997	-1.13E-005
1.998	-1.09E-005
1.999	-1.06E-005
2	-1.02E-005
2.001	-9.83E-006
2.002	0.0014924342
2.003	0.0029219594
2.004	0.0042805724
2.005	0.0055700665
2.006	0.0067922033
2.007	0.0079487134
2.008	0.0090412961
2.009	0.0100716202
2.01	0.0110413243
2.011	0.0119520168
2.012	0.0128052768
2.013	0.013602654
2.014	0.0143456693
2.015	0.015035815
2.016	0.0156745552
2.017	0.0162633262
2.018	0.0168035369
2.019	0.0172965688
2.02	0.0177437768
2.021	0.0181464893
2.022	0.0185060087
2.023	0.0188236114
2.024	0.0191005485
2.025	0.0193380462
2.026	0.0195373057
2.027	0.0196995039
2.028	0.0198257937
2.029	0.0199173042
2.03	0.0199751411
2.031	0.0200003871
2.032	0.0199941023
2.033	0.0199573241
2.034	0.019891068
2.035	0.0197963279
2.036	0.019674076
2.037	0.0195252636
2.038	0.0193508211
2.039	0.0191516586
2.04	0.0189286659
2.041	0.0186827129
2.042	0.0184146502
2.043	0.0181253091
2.044	0.0178155017
2.045	0.0174860219
2.046	0.0171376451
2.047	0.0167711286
2.048	0.016387212
2.049	0.0159866177
2.05	0.0155700506
2.051	0.015138199
2.052	0.0146917344
2.053	0.0142313123
2.054	0.0137575718
2.055	0.0132711366
2.056	0.0127726148
2.057	0.0122625992
2.058	0.0117416677
2.059	0.0112103836
2.06	0.0106692957
2.061	0.0101189388
2.062	0.0095598336
2.063	0.0089924872
2.064	0.0084173933
2.065	0.0078350326
2.066	0.0072458726
2.067	0.0066503683
2.068	0.0060489623
2.069	0.0054420849
2.07	0.0048301544
2.071	0.0042135775
2.072	0.0035927493
2.073	0.0029680535
2.074	0.002339863
2.075	0.0017085394
2.076	0.0010744342
2.077	0.0004378881
2.078	-0.0002007684
2.079	-0.0008412146
2.08	-0.00148314
2.081	-0.0021262432
2.082	-0.0027702327
2.083	-0.003414826
2.084	-0.0040597496
2.085	-0.0047047389
2.086	-0.005349538
2.087	-0.0059938994
2.088	-0.0066375839
2.089	-0.0072803605
2.09	-0.007922006
2.091	-0.0085623051
2.092	-0.00920105
2.093	-0.0098380405
2.094	-0.0104730833
2.095	-0.0111059926
2.096	-0.0117365893
2.097	-0.0123647012
2.098	-0.0129901627
2.099	-0.0136128146
2.1	-0.0142325041
2.101	-0.0148490846
2.102	-0.0154624155
2.103	-0.0160723621
2.104	-0.0166787953
2.105	-0.017281592
2.106	-0.0178806342
2.107	-0.0184758093
2.108	-0.0190670101
2.109	-0.0196541344
2.11	-0.0202370848
2.111	-0.020815769
2.112	-0.0213900991
2.113	-0.0219599921
2.114	-0.0225253694
2.115	-0.0230861565
2.116	-0.0236422834
2.117	-0.0241936842
2.118	-0.024740297
2.119	-0.0252820638
2.12	-0.0258189304
2.121	-0.0263508462
2.122	-0.0268777645
2.123	-0.0273996418
2.124	-0.0279164382
2.125	-0.0284281169
2.126	-0.0289346446
2.127	-0.029435991
2.128	-0.0299321286
2.129	-0.0304230333
2.13	-0.0309086834
2.131	-0.0313890602
2.132	-0.0318641478
2.133	-0.0323339327
2.134	-0.0327984039
2.135	-0.0332575531
2.136	-0.0337113742
2.137	-0.0341598633
2.138	-0.0346030188
2.139	-0.0350408415
2.14	-0.0354733339
2.141	-0.0359005006
2.142	-0.0363223484
2.143	-0.0367388856
2.144	-0.0371501226
2.145	-0.0375560714
2.146	-0.0379567458
2.147	-0.038352161
2.148	-0.0387423341
2.149	-0.0391272833
2.15	-0.0395070287
2.151	-0.0398815914
2.152	-0.040250994
2.153	-0.0406152605
2.154	-0.040974416
2.155	-0.0413284868
2.156	-0.0416775003
2.157	-0.0420214851
2.158	-0.0423604708
2.159	-0.0426944879
2.16	-0.043023568
2.161	-0.0433477435
2.162	-0.0436670477
2.163	-0.0439815148
2.164	-0.0442911796
2.165	-0.0445960778
2.166	-0.0448962458
2.167	-0.0451917205
2.168	-0.0454825397
2.169	-0.0457687415
2.17	-0.0460503649
2.171	-0.0463274491
2.172	-0.046600034
2.173	-0.0468681598
2.174	-0.0471318674
2.175	-0.0473911978
2.176	-0.0476461926
2.177	-0.0478968935
2.178	-0.0481433428
2.179	-0.048385583
2.18	-0.0486236567
2.181	-0.0488576068
2.182	-0.0490874767
2.183	-0.0493133095
2.184	-0.0495351489
2.185	-0.0497530386
2.186	-0.0499670222
2.187	-0.0501771437
2.188	-0.0503834471
2.189	-0.0505859763
2.19	-0.0507847756
2.191	-0.0509798888
2.192	-0.0511713602
2.193	-0.0513592339
2.194	-0.0515435538
2.195	-0.051724364
2.196	-0.0519017084
2.197	-0.0520756309
2.198	-0.0522461753
2.199	-0.0524133852
2.2	-0.0525773041
2.201	-0.0527379756
2.202	-0.0528954427
2.203	-0.0530497487
2.204	-0.0532009365
2.205	-0.0533490489
2.206	-0.0534941283
2.207	-0.0536362172
2.208	-0.0537753577
2.209	-0.0539115917
2.21	-0.054044961
2.211	-0.0541755069
2.212	-0.0543032707
2.213	-0.0544282933
2.214	-0.0545506155
2.215	-0.0546702775
2.216	-0.0547873197
2.217	-0.0549017817
2.218	-0.0550137031
2.219	-0.0551231233
2.22	-0.0552300812
2.221	-0.0553346153
2.222	-0.0554367641
2.223	-0.0555365656
2.224	-0.0556340574
2.225	-0.0557292769
2.226	-0.0558222611
2.227	-0.0559130468
2.228	-0.0560016703
2.229	-0.0560881676
2.23	-0.0561725743
2.231	-0.0562549259
2.232	-0.0563352573
2.233	-0.056413603
2.234	-0.0564899975
2.235	-0.0565644745
2.236	-0.0566370676
2.237	-0.0567078101
2.238	-0.0567767348
2.239	-0.0568438741
2.24	-0.0569092602
2.241	-0.0569729247
2.242	-0.0570348992
2.243	-0.0570952146
2.244	-0.0571539015
2.245	-0.0572109903
2.246	-0.0572665109
2.247	-0.0573204928
2.248	-0.0573729653
2.249	-0.0574239571
2.25	-0.0574734968
2.251	-0.0575216125
2.252	-0.0575683319
2.253	-0.0576136824
2.254	-0.057657691
2.255	-0.0577003844
2.256	-0.0577417889
2.257	-0.0577819305
2.258	-0.0578208348
2.259	-0.057858527
2.26	-0.057895032
2.261	-0.0579303744
2.262	-0.0579645784
2.263	-0.0579976678
2.264	-0.0580296662
2.265	-0.0580605967
2.266	-0.0580904821
2.267	-0.058119345
2.268	-0.0581472075
2.269	-0.0581740915
2.27	-0.0582000184
2.271	-0.0582250093
2.272	-0.0582490853
2.273	-0.0582722667
2.274	-0.0582945737
2.275	-0.0583160264
2.276	-0.0583366441
2.277	-0.0583564461
2.278	-0.0583754515
2.279	-0.0583936788
2.28	-0.0584111464
2.281	-0.0584278723
2.282	-0.0584438741
2.283	-0.0584591695
2.284	-0.0584737754
2.285	-0.0584877088
2.286	-0.0585009861
2.287	-0.0585136238
2.288	-0.0585256377
2.289	-0.0585370435
2.29	-0.0585478568
2.291	-0.0585580927
2.292	-0.0585677661
2.293	-0.0585768915
2.294	-0.0585854835
2.295	-0.058593556
2.296	-0.0586011229
2.297	-0.0586081979
2.298	-0.0586147942
2.299	-0.0586209249
2.3	-0.0586266029
2.301	-0.0586318409
2.302	-0.058636651
2.303	-0.0586410455
2.304	-0.0586450363
2.305	-0.058648635
2.306	-0.0586518531
2.307	-0.0586547017
2.308	-0.0586571919
2.309	-0.0586593343
2.31	-0.0586611397
2.311	-0.0586626182
2.312	-0.05866378
2.313	-0.0586646351
2.314	-0.0586651931
2.315	-0.0586654636
2.316	-0.0586654559
2.317	-0.058665179
2.318	-0.058664642
2.319	-0.0586638536
2.32	-0.0586628222
2.321	-0.0586615563
2.322	-0.0586600641
2.323	-0.0586583535
2.324	-0.0586564324
2.325	-0.0586543084
2.326	-0.058651989
2.327	-0.0586494815
2.328	-0.0586467931
2.329	-0.0586439308
2.33	-0.0586409013
2.331	-0.0586377114
2.332	-0.0586343675
2.333	-0.058630876
2.334	-0.0586272432
2.335	-0.058623475
2.336	-0.0586195774
2.337	-0.0586155561
2.338	-0.0586114169
2.339	-0.0586071651
2.34	-0.0586028062
2.341	-0.0585983453
2.342	-0.0585937876
2.343	-0.0585891379
2.344	-0.0585844013
2.345	-0.0585795823
2.346	-0.0585746855
2.347	-0.0585697155
2.348	-0.0585646766
2.349	-0.0585595729
2.35	-0.0585544088
2.351	-0.058549188
2.352	-0.0585439146
2.353	-0.0585385924
2.354	-0.058533225
2.355	-0.058527816
2.356	-0.058522369
2.357	-0.0585168872
2.358	-0.058511374
2.359	-0.0585058327
2.36	-0.0585002662
2.361	-0.0584946776
2.362	-0.0584890698
2.363	-0.0584834456
2.364	-0.0584778079
2.365	-0.0584721592
2.366	-0.0584665021
2.367	-0.0584608391
2.368	-0.0584551727
2.369	-0.0584495051
2.37	-0.0584438387
2.371	-0.0584381756
2.372	-0.058432518
2.373	-0.0584268678
2.374	-0.0584212271
2.375	-0.0584155977
2.376	-0.0584099816
2.377	-0.0584043804
2.378	-0.0583987959
2.379	-0.0583932297
2.38	-0.0583876834
2.381	-0.0583821586
2.382	-0.0583766567
2.383	-0.058371179
2.384	-0.0583657271
2.385	-0.0583603021
2.386	-0.0583549053
2.387	-0.0583495379
2.388	-0.0583442011
2.389	-0.0583388959
2.39	-0.0583336234
2.391	-0.0583283845
2.392	-0.0583231804
2.393	-0.0583180117
2.394	-0.0583128795
2.395	-0.0583077845
2.396	-0.0583027275
2.397	-0.0582977092
2.398	-0.0582927304
2.399	-0.0582877917
2.4	-0.0582828937
2.401	-0.0582780371
2.402	-0.0582732223
2.403	-0.0582684499
2.404	-0.0582637204
2.405	-0.0582590342
2.406	-0.0582543917
2.407	-0.0582497934
2.408	-0.0582452395
2.409	-0.0582407305
2.41	-0.0582362666
2.411	-0.058231848
2.412	-0.0582274751
2.413	-0.0582231481
2.414	-0.058218867
2.415	-0.0582146322
2.416	-0.0582104438
2.417	-0.0582063019
2.418	-0.0582022065
2.419	-0.0581981578
2.42	-0.0581941558
2.421	-0.0581902006
2.422	-0.0581862922
2.423	-0.0581824305
2.424	-0.0581786156
2.425	-0.0581748474
2.426	-0.0581711259
2.427	-0.0581674509
2.428	-0.0581638225
2.429	-0.0581602405
2.43	-0.0581567048
2.431	-0.0581532152
2.432	-0.0581497716
2.433	-0.0581463739
2.434	-0.0581430219
2.435	-0.0581397153
2.436	-0.0581364541
2.437	-0.058133238
2.438	-0.0581300667
2.439	-0.05812694
2.44	-0.0581238578
2.441	-0.0581208197
2.442	-0.0581178256
2.443	-0.058114875
2.444	-0.0581119678
2.445	-0.0581091037
2.446	-0.0581062823
2.447	-0.0581035035
2.448	-0.0581007668
2.449	-0.058098072
2.45	-0.0580954187
2.451	-0.0580928066
2.452	-0.0580902355
2.453	-0.0580877048
2.454	-0.0580852144
2.455	-0.0580827639
2.456	-0.0580803529
2.457	-0.0580779811
2.458	-0.058075648
2.459	-0.0580733535
2.46	-0.058071097
2.461	-0.0580688782
2.462	-0.0580666967
2.463	-0.0580645523
2.464	-0.0580624444
2.465	-0.0580603728
2.466	-0.058058337
2.467	-0.0580563366
2.468	-0.0580543714
2.469	-0.0580524408
2.47	-0.0580505446
2.471	-0.0580486822
2.472	-0.0580468534
2.473	-0.0580450578
2.474	-0.0580432949
2.475	-0.0580415644
2.476	-0.0580398659
2.477	-0.0580381989
2.478	-0.0580365632
2.479	-0.0580349583
2.48	-0.0580333839
2.481	-0.0580318395
2.482	-0.0580303247
2.483	-0.0580288393
2.484	-0.0580273827
2.485	-0.0580259546
2.486	-0.0580245547
2.487	-0.0580231826
2.488	-0.0580218378
2.489	-0.05802052
2.49	-0.0580192289
2.491	-0.058017964
2.492	-0.0580167249
2.493	-0.0580155114
2.494	-0.0580143231
2.495	-0.0580131595
2.496	-0.0580120203
2.497	-0.0580109052
2.498	-0.0580098138
2.499	-0.0580087457
2.5	-0.0580077006
2.501	-0.0580066782
2.502	-0.0595076178
2.503	-0.0609358884
2.504	-0.0622933116
2.505	-0.0635816771
2.506	-0.0648027432
2.507	-0.0659582367
2.508	-0.067049854
2.509	-0.0680792605
2.51	-0.0690480919
2.511	-0.0699579538
2.512	-0.0708104225
2.513	-0.071607045
2.514	-0.0723493397
2.515	-0.0730387965
2.516	-0.0736768772
2.517	-0.0742650159
2.518	-0.0748046194
2.519	-0.0752970672
2.52	-0.0757437125
2.521	-0.0761458818
2.522	-0.0765048757
2.523	-0.0768219692
2.524	-0.0770984118
2.525	-0.0773354283
2.526	-0.0775342185
2.527	-0.0776959581
2.528	-0.0778217989
2.529	-0.0779128687
2.53	-0.0779702724
2.531	-0.0779950917
2.532	-0.0779883856
2.533	-0.0779511908
2.534	-0.0778845222
2.535	-0.0777893726
2.536	-0.077666714
2.537	-0.0775174968
2.538	-0.077342651
2.539	-0.077143086
2.54	-0.0769196914
2.541	-0.0766733366
2.542	-0.0764048718
2.543	-0.076115128
2.544	-0.0758049171
2.545	-0.0754750328
2.546	-0.07512625
2.547	-0.0747593261
2.548	-0.0743750006
2.549	-0.0739739956
2.55	-0.073557016
2.551	-0.0731247499
2.552	-0.0726778691
2.553	-0.0722170288
2.554	-0.0717428682
2.555	-0.0712560111
2.556	-0.0707570655
2.557	-0.0702466244
2.558	-0.0697252657
2.559	-0.069193553
2.56	-0.068652035
2.561	-0.0681012466
2.562	-0.0675417088
2.563	-0.0669739288
2.564	-0.0663984005
2.565	-0.0658156046
2.566	-0.0652260089
2.567	-0.0646300687
2.568	-0.0640282266
2.569	-0.0634209131
2.57	-0.0628085468
2.571	-0.0621915346
2.572	-0.0615702717
2.573	-0.0609451421
2.574	-0.0603165188
2.575	-0.0596847639
2.576	-0.0590502288
2.577	-0.0584132545
2.578	-0.0577741718
2.579	-0.0571333014
2.58	-0.0564909544
2.581	-0.0558474319
2.582	-0.055203026
2.583	-0.0545580193
2.584	-0.0539126854
2.585	-0.0532672892
2.586	-0.0526220868
2.587	-0.0519773258
2.588	-0.0513332456
2.589	-0.0506900775
2.59	-0.0500480447
2.591	-0.0494073629
2.592	-0.0487682398
2.593	-0.048130876
2.594	-0.0474954648
2.595	-0.0468621922
2.596	-0.0462312375
2.597	-0.045602773
2.598	-0.0449769644
2.599	-0.0443539711
2.6	-0.043733946
2.601	-0.0431170358
2.602	-0.0425033812
2.603	-0.0418931171
2.604	-0.0412863725
2.605	-0.0406832708
2.606	-0.0400839301
2.607	-0.0394884629
2.608	-0.0388969766
2.609	-0.0383095735
2.61	-0.037726351
2.611	-0.0371474016
2.612	-0.036572813
2.613	-0.0360026684
2.614	-0.0354370466
2.615	-0.0348760218
2.616	-0.0343196643
2.617	-0.0337680399
2.618	-0.0332212107
2.619	-0.0326792345
2.62	-0.0321421657
2.621	-0.0316100547
2.622	-0.0310829484
2.623	-0.0305608902
2.624	-0.0300439201
2.625	-0.0295320747
2.626	-0.0290253874
2.627	-0.0285238887
2.628	-0.0280276056
2.629	-0.0275365627
2.63	-0.0270507812
2.631	-0.02657028
2.632	-0.026095075
2.633	-0.0256251796
2.634	-0.0251606047
2.635	-0.0247013587
2.636	-0.0242474476
2.637	-0.0237988752
2.638	-0.0233556429
2.639	-0.0229177501
2.64	-0.0224851942
2.641	-0.0220579703
2.642	-0.0216360718
2.643	-0.0212194902
2.644	-0.0208082151
2.645	-0.0204022344
2.646	-0.0200015342
2.647	-0.0196060992
2.648	-0.0192159123
2.649	-0.0188309551
2.65	-0.0184512076
2.651	-0.0180766484
2.652	-0.0177072549
2.653	-0.0173430031
2.654	-0.0169838677
2.655	-0.0166298224
2.656	-0.0162808396
2.657	-0.0159368906
2.658	-0.0155979459
2.659	-0.0152639747
2.66	-0.0149349454
2.661	-0.0146108254
2.662	-0.0142915814
2.663	-0.0139771792
2.664	-0.0136675837
2.665	-0.0133627592
2.666	-0.0130626692
2.667	-0.0127672767
2.668	-0.0124765438
2.669	-0.0121904322
2.67	-0.011908903
2.671	-0.0116319167
2.672	-0.0113594335
2.673	-0.0110914129
2.674	-0.0108278141
2.675	-0.0105685958
2.676	-0.0103137165
2.677	-0.0100631341
2.678	-0.0098168066
2.679	-0.0095746912
2.68	-0.0093367451
2.681	-0.0091029254
2.682	-0.0088731888
2.683	-0.0086474917
2.684	-0.0084257906
2.685	-0.0082080418
2.686	-0.0079942013
2.687	-0.0077842251
2.688	-0.0075780693
2.689	-0.0073756896
2.69	-0.007177042
2.691	-0.0069820822
2.692	-0.0067907661
2.693	-0.0066030494
2.694	-0.0064188881
2.695	-0.0062382381
2.696	-0.0060610553
2.697	-0.0058872959
2.698	-0.0057169159
2.699	-0.0055498715
2.7	-0.0053861193
2.701	-0.0052256156
2.702	-0.0050683172
2.703	-0.0049141809
2.704	-0.0047631636
2.705	-0.0046152226
2.706	-0.0044703151
2.707	-0.0043283989
2.708	-0.0041894315
2.709	-0.0040533712
2.71	-0.003920176
2.711	-0.0037898045
2.712	-0.0036622155
2.713	-0.0035373678
2.714	-0.0034152208
2.715	-0.003295734
2.716	-0.0031788671
2.717	-0.0030645804
2.718	-0.0029528342
2.719	-0.0028435891
2.72	-0.0027368062
2.721	-0.0026324467
2.722	-0.0025304723
2.723	-0.0024308449
2.724	-0.0023335268
2.725	-0.0022384806
2.726	-0.0021456692
2.727	-0.0020550558
2.728	-0.001966604
2.729	-0.0018802779
2.73	-0.0017960416
2.731	-0.0017138598
2.732	-0.0016336975
2.733	-0.00155552
2.734	-0.001479293
2.735	-0.0014049827
2.736	-0.0013325553
2.737	-0.0012619776
2.738	-0.0011932169
2.739	-0.0011262405
2.74	-0.0010610164
2.741	-0.0009975128
2.742	-0.0009356981
2.743	-0.0008755415
2.744	-0.0008170123
2.745	-0.00076008
2.746	-0.0007047148
2.747	-0.000650887
2.748	-0.0005985675
2.749	-0.0005477274
2.75	-0.0004983381
2.751	-0.0004503717
2.752	-0.0004038002
2.753	-0.0003585964
2.754	-0.000314733
2.755	-0.0002721836
2.756	-0.0002309217
2.757	-0.0001909213
2.758	-0.0001521569
2.759	-0.0001146032
2.76	-7.82E-005
2.761	-4.30E-005
2.762	-8.96E-006
2.763	2.40E-005
2.764	5.59E-005
2.765	8.67E-005
2.766	0.0001164224
2.767	0.0001451583
2.768	0.0001728953
2.769	0.0001996551
2.77	0.0002254594
2.771	0.0002503293
2.772	0.0002742856
2.773	0.0002973489
2.774	0.0003195393
2.775	0.0003408767
2.776	0.0003613807
2.777	0.0003810706
2.778	0.0003999652
2.779	0.0004180833
2.78	0.0004354432
2.781	0.0004520628
2.782	0.0004679599
2.783	0.0004831519
2.784	0.000497656
2.785	0.000511489
2.786	0.0005246675
2.787	0.0005372077
2.788	0.0005491256
2.789	0.000560437
2.79	0.0005711572
2.791	0.0005813014
2.792	0.0005908846
2.793	0.0005999212
2.794	0.0006084258
2.795	0.0006164124
2.796	0.0006238947
2.797	0.0006308865
2.798	0.000637401
2.799	0.0006434514
2.8	0.0006490504
2.801	0.0006542106
2.802	0.0006589444
2.803	0.000663264
2.804	0.0006671811
2.805	0.0006707075
2.806	0.0006738545
2.807	0.0006766334
2.808	0.0006790551
2.809	0.0006811304
2.81	0.0006828698
2.811	0.0006842837
2.812	0.0006853821
2.813	0.000686175
2.814	0.000686672
2.815	0.0006868828
2.816	0.0006868165
2.817	0.0006864823
2.818	0.0006858891
2.819	0.0006850456
2.82	0.0006839603
2.821	0.0006826417
2.822	0.0006810978
2.823	0.0006793367
2.824	0.0006773661
2.825	0.0006751938
2.826	0.0006728272
2.827	0.0006702735
2.828	0.0006675399
2.829	0.0006646335
2.83	0.0006615609
2.831	0.0006583289
2.832	0.0006549439
2.833	0.0006514123
2.834	0.0006477403
2.835	0.000643934
2.836	0.0006399991
2.837	0.0006359416
2.838	0.000631767
2.839	0.0006274807
2.84	0.0006230882
2.841	0.0006185947
2.842	0.0006140051
2.843	0.0006093246
2.844	0.0006045578
2.845	0.0005997095
2.846	0.0005947844
2.847	0.0005897867
2.848	0.0005847209
2.849	0.0005795912
2.85	0.0005744018
2.851	0.0005691565
2.852	0.0005638594
2.853	0.0005585141
2.854	0.0005531244
2.855	0.0005476939
2.856	0.000542226
2.857	0.0005367241
2.858	0.0005311914
2.859	0.0005256312
2.86	0.0005200465
2.861	0.0005144404
2.862	0.0005088158
2.863	0.0005031754
2.864	0.000497522
2.865	0.0004918583
2.866	0.0004861868
2.867	0.00048051
2.868	0.0004748303
2.869	0.00046915
2.87	0.0004634715
2.871	0.0004577968
2.872	0.0004521281
2.873	0.0004464674
2.874	0.0004408167
2.875	0.0004351778
2.876	0.0004295527
2.877	0.000423943
2.878	0.0004183504
2.879	0.0004127767
2.88	0.0004072233
2.881	0.0004016918
2.882	0.0003961837
2.883	0.0003907003
2.884	0.000385243
2.885	0.0003798131
2.886	0.0003744118
2.887	0.0003690404
2.888	0.0003636998
2.889	0.0003583913
2.89	0.0003531159
2.891	0.0003478745
2.892	0.0003426681
2.893	0.0003374976
2.894	0.0003323639
2.895	0.0003272678
2.896	0.00032221
2.897	0.0003171913
2.898	0.0003122123
2.899	0.0003072738
2.9	0.0003023763
2.901	0.0002975204
2.902	0.0002927068
2.903	0.0002879358
2.904	0.0002832079
2.905	0.0002785237
2.906	0.0002738834
2.907	0.0002692876
2.908	0.0002647365
2.909	0.0002602305
2.91	0.0002557698
2.911	0.0002513548
2.912	0.0002469857
2.913	0.0002426626
2.914	0.0002383858
2.915	0.0002341555
2.916	0.0002299718
2.917	0.0002258347
2.918	0.0002217445
2.919	0.0002177011
2.92	0.0002137047
2.921	0.0002097552
2.922	0.0002058527
2.923	0.0002019971
2.924	0.0001981886
2.925	0.0001944269
2.926	0.000190712
2.927	0.000187044
2.928	0.0001834226
2.929	0.0001798478
2.93	0.0001763194
2.931	0.0001728374
2.932	0.0001694015
2.933	0.0001660117
2.934	0.0001626677
2.935	0.0001593693
2.936	0.0001561164
2.937	0.0001529087
2.938	0.000149746
2.939	0.0001466281
2.94	0.0001435548
2.941	0.0001405257
2.942	0.0001375407
2.943	0.0001345994
2.944	0.0001317016
2.945	0.0001288471
2.946	0.0001260354
2.947	0.0001232663
2.948	0.0001205395
2.949	0.0001178547
2.95	0.0001152116
2.951	0.0001126098
2.952	0.000110049
2.953	0.0001075289
2.954	0.0001050491
2.955	0.0001026092
2.956	0.000100209
2.957	9.78E-005
2.958	9.55E-005
2.959	9.32E-005
2.96	9.10E-005
2.961	8.88E-005
2.962	8.66E-005
2.963	8.45E-005
2.964	8.24E-005
2.965	8.03E-005
2.966	7.83E-005
2.967	7.63E-005
2.968	7.44E-005
2.969	7.24E-005
2.97	7.06E-005
2.971	6.87E-005
2.972	6.69E-005
2.973	6.51E-005
2.974	6.34E-005
2.975	6.16E-005
2.976	6.00E-005
2.977	5.83E-005
2.978	5.67E-005
2.979	5.51E-005
2.98	5.35E-005
2.981	5.20E-005
2.982	5.05E-005
2.983	4.90E-005
2.984	4.76E-005
2.985	4.62E-005
2.986	4.48E-005
2.987	4.34E-005
2.988	4.21E-005
2.989	4.08E-005
2.99	3.95E-005
2.991	3.83E-005
2.992	3.70E-005
2.993	3.58E-005
2.994	3.47E-005
2.995	3.35E-005
2.996	3.24E-005
2.997	3.13E-005
2.998	3.02E-005
2.999	2.92E-005
3	2.81E-005

