0	0
0.01	-9.9422e-17
0.02	-7.3186e-17
0.03	2.5479e-17
0.04	-2.4722e-16
0.05	5.4678e-17
0.06	2.4543e-16
0.07	-3.5497e-16
0.08	1.121e-17
0.09	4.7502e-18
0.1	3.0959e-17
0.11	0.12614
0.12	0.1178
0.13	0.10862
0.14	0.10509
0.15	0.10393
0.16	0.10357
0.17	0.10346
0.18	0.10342
0.19	0.10341
0.2	0.10341
0.21	0.10341
0.22	0.10341
0.23	0.10342
0.24	0.10342
0.25	0.10342
0.26	-0.14886
0.27	-0.13218
0.28	-0.11381
0.29	-0.10675
0.3	-0.10443
0.31	-0.10371
0.32	-0.10348
0.33	-0.10341
0.34	-0.10339
0.35	-0.10339
0.36	-0.10339
0.37	-0.10339
0.38	-0.10339
0.39	-0.10339
0.4	-0.10339
0.41	0.022743
0.42	0.0144
0.43	0.0052181
0.44	0.0016874
0.45	0.00052672
0.46	0.00016207
0.47	4.9208e-05
0.48	1.4453e-05
0.49	3.7715e-06
0.5	4.9168e-07
0.51	-5.1386e-07
0.52	-8.2086e-07
0.53	-9.1332e-07
0.54	-9.3989e-07
0.55	-9.4624e-07
0.56	-9.4638e-07
0.57	-9.4461e-07
0.58	-9.4227e-07
0.59	-9.3976e-07
0.6	-9.3719e-07
0.61	0.11825
0.62	0.11044
0.63	0.10183
0.64	0.09852
0.65	0.097433
0.66	0.097093
0.67	0.096989
0.68	0.096958
0.69	0.096949
0.7	0.096948
0.71	0.096949
0.72	0.09695
0.73	0.096951
0.74	0.096953
0.75	0.096954
0.76	0.096956
0.77	0.096957
0.78	0.096959
0.79	0.096961
0.8	0.096962
0.81	0.096964
0.82	0.096965
0.83	0.096967
0.84	0.096968
0.85	0.09697
0.86	0.096972
0.87	0.096973
0.88	0.096975
0.89	0.096976
0.9	0.096978
0.91	0.096979
0.92	0.096981
0.93	0.096982
0.94	0.096984
0.95	0.096986
0.96	0.096987
0.97	0.096989
0.98	0.09699
0.99	0.096992
1	0.096993
1.01	-0.11587
1.02	-0.10179
1.03	-0.086301
1.04	-0.080345
1.05	-0.078387
1.06	-0.077773
1.07	-0.077584
1.08	-0.077527
1.09	-0.07751
1.1	-0.077506
1.11	-0.077505
1.12	-0.077506
1.13	-0.077507
1.14	-0.077508
1.15	-0.07751
1.16	-0.077511
1.17	-0.077512
1.18	-0.077513
1.19	-0.077515
1.2	-0.077516
1.21	-0.077517
1.22	-0.077518
1.23	-0.07752
1.24	-0.077521
1.25	-0.077522
1.26	-0.077524
1.27	-0.077525
1.28	-0.077526
1.29	-0.077527
1.3	-0.077529
1.31	-0.07753
1.32	-0.077531
1.33	-0.077532
1.34	-0.077534
1.35	-0.077535
1.36	-0.077536
1.37	-0.077537
1.38	-0.077538
1.39	-0.07754
1.4	-0.077541
1.41	-0.077542
1.42	-0.077543
1.43	-0.077545
1.44	-0.077546
1.45	-0.077547
1.46	-0.077548
1.47	-0.07755
1.48	-0.077551
1.49	-0.077552
1.5	-0.077553
1.51	0.017051
1.52	0.010794
1.53	0.0039069
1.54	0.0012588
1.55	0.00038834
1.56	0.00011487
1.57	3.0233e-05
1.58	4.1841e-06
1.59	-3.8093e-06
1.6	-6.2509e-06
1.61	-6.9869e-06
1.62	-7.199e-06
1.63	-7.2502e-06
1.64	-7.2521e-06
1.65	-7.2388e-06
1.66	-7.2209e-06
1.67	-7.2017e-06
1.68	-7.182e-06
1.69	-7.1623e-06
1.7	-7.1426e-06
1.71	-0.12615
1.72	-0.11781
1.73	-0.10863
1.74	-0.1051
1.75	-0.10394
1.76	-0.10357
1.77	-0.10346
1.78	-0.10343
1.79	-0.10342
1.8	-0.10342
1.81	-0.10342
1.82	-0.10342
1.83	-0.10342
1.84	-0.10342
1.85	-0.10343
1.86	-0.10343
1.87	-0.10343
1.88	-0.10343
1.89	-0.10343
1.9	-0.10343
1.91	-0.10344
1.92	-0.10344
1.93	-0.10344
1.94	-0.10344
1.95	-0.10344
1.96	-0.10344
1.97	-0.10345
1.98	-0.10345
1.99	-0.10345
2	-0.10345
2.01	0.14883
2.02	0.13215
2.03	0.11379
2.04	0.10673
2.05	0.10441
2.06	0.10368
2.07	0.10345
2.08	0.10339
2.09	0.10337
2.1	0.10336
2.11	0.10336
2.12	0.10336
2.13	0.10336
2.14	0.10337
2.15	0.10337
2.16	0.10337
2.17	0.10337
2.18	0.10337
2.19	0.10337
2.2	0.10338
2.21	0.10338
2.22	0.10338
2.23	0.10338
2.24	0.10338
2.25	0.10338
2.26	0.10339
2.27	0.10339
2.28	0.10339
2.29	0.10339
2.3	0.10339
2.31	-0.022746
2.32	-0.014404
2.33	-0.0052215
2.34	-0.0016906
2.35	-0.00052991
2.36	-0.00016524
2.37	-5.2367e-05
2.38	-1.7602e-05
2.39	-6.9109e-06
2.4	-3.6223e-06
2.41	-2.608e-06
2.42	-2.2924e-06
2.43	-2.1914e-06
2.44	-2.1563e-06
2.45	-2.1414e-06
2.46	-2.1327e-06
2.47	-2.126e-06
2.48	-2.1199e-06
2.49	-2.114e-06
2.5	-2.1082e-06
2.51	0.070952
2.52	0.06626
2.53	0.061096
2.54	0.059111
2.55	0.058459
2.56	0.058255
2.57	0.058192
2.58	0.058174
2.59	0.058168
2.6	0.058168
2.61	0.058168
2.62	0.058169
2.63	0.05817
2.64	0.05817
2.65	0.058171
2.66	0.058172
2.67	0.058173
2.68	0.058174
2.69	0.058175
2.7	0.058176
2.71	-0.083731
2.72	-0.074347
2.73	-0.064018
2.74	-0.060047
2.75	-0.058742
2.76	-0.058332
2.77	-0.058206
2.78	-0.058168
2.79	-0.058157
2.8	-0.058155
2.81	-0.058154
2.82	-0.058155
2.83	-0.058156
2.84	-0.058157
2.85	-0.058158
2.86	-0.058159
2.87	-0.058159
2.88	-0.05816
2.89	-0.058161
2.9	-0.058162
2.91	0.012791
2.92	0.008098
2.93	0.002933
2.94	0.00094689
2.95	0.000294
2.96	8.8891e-05
2.97	2.5408e-05
2.98	5.864e-06
2.99	-1.3866e-07
3	-1.9774e-06
