0	0
0.0100000000000000	1.05663318294650e-17
0.0200000000000000	8.98635448548264e-18
0.0300000000000000	-1.06167080072244e-17
0.0400000000000000	-1.00381360068158e-17
0.0500000000000000	-1.71788980452511e-17
0.0600000000000000	-1.25143802880104e-17
0.0700000000000000	3.04038224992487e-18
0.0800000000000000	3.56821428572819e-18
0.0900000000000000	2.31922040170872e-18
0.100000000000000	-1.36187598439108e-18
0.110000000000000	-7.32265709426396e-18
0.120000000000000	0.000538624338617017
0.130000000000000	0.00250081154834293
0.140000000000000	0.00570081946611367
0.150000000000000	0.00984337796207758
0.160000000000000	0.0146991117849886
0.170000000000000	0.0200910727442687
0.180000000000000	0.0258837772474762
0.190000000000000	0.0319743263256980
0.200000000000000	0.0382852498425028
0.210000000000000	0.0447587722169840
0.220000000000000	0.0513522448457889
0.230000000000000	0.0580345314778760
0.240000000000000	0.0647831679474025
0.250000000000000	0.0715821476663039
0.260000000000000	0.0784202097892718
0.270000000000000	0.0852895285814563
0.280000000000000	0.0921847207655823
0.290000000000000	0.0991021029612979
0.300000000000000	0.106039144161981
0.310000000000000	0.112994068880675
0.320000000000000	0.119965575451319
0.330000000000000	0.126952641268747
0.340000000000000	0.133954392730652
0.350000000000000	0.140970022514894
0.360000000000000	0.147998740766124
0.370000000000000	0.155039749931590
0.380000000000000	0.162092235509950
0.390000000000000	0.169155366972021
0.400000000000000	0.176228304674733
0.410000000000000	0.183310209799934
0.420000000000000	0.190400255276135
0.430000000000000	0.197497636340363
0.440000000000000	0.204601579915856
0.450000000000000	0.211711352358136
0.460000000000000	0.218826265388413
0.470000000000000	0.225945680215144
0.480000000000000	0.233069009962239
0.490000000000000	0.240195720592528
0.500000000000000	0.247325330550586
0.510000000000000	0.254457409359873
0.520000000000000	0.261591575403462
0.530000000000000	0.268727493101095
0.540000000000000	0.275864869672502
0.550000000000000	0.283003451651048
0.560000000000000	0.290143021285165
0.570000000000000	0.297283392939198
0.580000000000000	0.304424409581332
0.590000000000000	0.311565939424709
0.600000000000000	0.318707872769103
0.610000000000000	0.325850119074378
0.620000000000000	0.332992604283810
0.630000000000000	0.340135268404489
0.640000000000000	0.347278063343564
0.650000000000000	0.354420950992701
0.660000000000000	0.361563901548353
0.670000000000000	0.368706892052287
0.680000000000000	0.375849905134734
0.690000000000000	0.382992927941529
0.700000000000000	0.390135951226353
0.710000000000000	0.397278968589484
0.720000000000000	0.404421975845251
0.730000000000000	0.411564970501459
0.740000000000000	0.418707951335255
0.750000000000000	0.425850918051383
0.760000000000000	0.432993871010085
0.770000000000000	0.440136811013376
0.780000000000000	0.447279739139757
0.790000000000000	0.454422656618741
0.800000000000000	0.461565564737726
0.810000000000000	0.468708464774850
0.820000000000000	0.475851357952494
0.830000000000000	0.482994245406867
0.840000000000000	0.490137128170024
0.850000000000000	0.497280007161171
0.860000000000000	0.504422883184901
0.870000000000000	0.511565756934195
0.880000000000000	0.518708628996815
0.890000000000000	0.525851499863748
0.900000000000000	0.532994369938769
0.910000000000000	0.540137239548508
0.920000000000000	0.547280108952406
0.930000000000000	0.554422978352285
0.940000000000000	0.561565847901299
0.950000000000000	0.568708717712048
0.960000000000000	0.575851587863892
0.970000000000000	0.582994458409337
0.980000000000000	0.590137329379624
0.990000000000000	0.597280200789434
1	0.604423072640916
1.01000000000000	0.611565944927003
1.02000000000000	0.618708817634095
1.03000000000000	0.625851690744283
1.04000000000000	0.632994564237062
1.05000000000000	0.640137438090653
1.06000000000000	0.647280312283039
1.07000000000000	0.654423186792707
1.08000000000000	0.661566061599131
1.09000000000000	0.668708936683175
1.10000000000000	0.675851812027271
1.11000000000000	0.682994687615505
1.12000000000000	0.690137563433661
1.13000000000000	0.697280439469157
1.14000000000000	0.704423315710966
1.15000000000000	0.711566192149528
1.16000000000000	0.718709068776581
1.17000000000000	0.725851945585047
1.18000000000000	0.732994822568945
1.19000000000000	0.740137699723168
1.20000000000000	0.747280577043395
1.21000000000000	0.754423454526002
1.22000000000000	0.761566332167927
1.23000000000000	0.768709209966592
1.24000000000000	0.775852087919804
1.25000000000000	0.782994966025692
1.26000000000000	0.790137844282654
1.27000000000000	0.797280722689268
1.28000000000000	0.804423601244284
1.29000000000000	0.811566479946573
1.30000000000000	0.818709358795097
1.31000000000000	0.825852237788862
1.32000000000000	0.832995116926936
1.33000000000000	0.840137996208410
1.34000000000000	0.847280875632399
1.35000000000000	0.854423755198004
1.36000000000000	0.861566634904360
1.37000000000000	0.868709514750561
1.38000000000000	0.875852394735714
1.39000000000000	0.882995274858903
1.40000000000000	0.890138155119210
1.41000000000000	0.897281035515704
1.42000000000000	0.904423916047400
1.43000000000000	0.911566796713419
1.44000000000000	0.918709677512755
1.45000000000000	0.925852558444412
1.46000000000000	0.932995439507436
1.47000000000000	0.940138320700812
1.48000000000000	0.947281202023531
1.49000000000000	0.954424083474606
1.50000000000000	0.961566965053007
1.51000000000000	0.968709846757733
1.52000000000000	0.975314113762385
1.53000000000000	0.980494851517031
1.54000000000000	0.984437793856594
1.55000000000000	0.987438194033515
1.56000000000000	0.989725407649729
1.57000000000000	0.991476365275781
1.58000000000000	0.992826537381128
1.59000000000000	0.993878815180649
1.60000000000000	0.994710666280378
1.61000000000000	0.995379868223704
1.62000000000000	0.995929075060866
1.63000000000000	0.996389430895771
1.64000000000000	0.996783409136193
1.65000000000000	0.997127026120463
1.66000000000000	0.997431552242841
1.67000000000000	0.997704822054555
1.68000000000000	0.997952226554131
1.69000000000000	0.998177455534231
1.70000000000000	0.998383045014799
1.71000000000000	0.998570774104861
1.72000000000000	0.998741946781746
1.73000000000000	0.998897586781546
1.74000000000000	0.999038567818156
1.75000000000000	0.999165696481614
1.76000000000000	0.999279761229289
1.77000000000000	0.999381557720521
1.78000000000000	0.999471898224440
1.79000000000000	0.999551610837871
1.80000000000000	0.999621532689918
1.81000000000000	0.999682500100656
1.82000000000000	0.999735337736625
1.83000000000000	0.999780848107067
1.84000000000000	0.999819802227121
1.85000000000000	0.999852931897625
1.86000000000000	0.999880923784708
1.87000000000000	0.999904415300998
1.88000000000000	0.999923992171718
1.89000000000000	0.999940187499384
1.90000000000000	0.999953482104737
1.91000000000000	0.999964305910225
1.92000000000000	0.999973040138585
1.93000000000000	0.999980020114351
1.94000000000000	0.999985538479418
1.95000000000000	0.999989848659237
1.96000000000000	0.999993168442651
1.97000000000000	0.999995683563875
1.98000000000000	0.999997551199317
1.99000000000000	0.999998903313165
2	0.999999849804357
2.01000000000000	1.00000048142355
2.02000000000000	0.998492753090881
2.03000000000000	0.992998966860752
2.04000000000000	0.984039219465121
2.05000000000000	0.972440251451305
2.06000000000000	0.958844284867161
2.07000000000000	0.943746749670635
2.08000000000000	0.927526986594640
2.09000000000000	0.910473113336558
2.10000000000000	0.892802059600589
2.11000000000000	0.874675620143054
2.12000000000000	0.856213240443108
2.13000000000000	0.837502134204932
2.14000000000000	0.818605233153533
2.15000000000000	0.799567385378215
2.16000000000000	0.780420146899551
2.17000000000000	0.761185450521346
2.18000000000000	0.741878384890952
2.19000000000000	0.722509273734894
2.20000000000000	0.703085209303116
2.21000000000000	0.683611164147199
2.22000000000000	0.664090780578020
2.23000000000000	0.644526916737359
2.24000000000000	0.624922011489771
2.25000000000000	0.605278316723360
2.26000000000000	0.585598034626256
2.27000000000000	0.565883388654534
2.28000000000000	0.546136649847484
2.29000000000000	0.526360134567922
2.30000000000000	0.506556185374273
2.31000000000000	0.486727143345599
2.32000000000000	0.466875317587895
2.33000000000000	0.447002955693575
2.34000000000000	0.427112217473080
2.35000000000000	0.407205153222441
2.36000000000000	0.387283687043050
2.37000000000000	0.367349605219521
2.38000000000000	0.347404549330810
2.39000000000000	0.327450013571764
2.40000000000000	0.307487345661974
2.41000000000000	0.287517750687309
2.42000000000000	0.267542297233995
2.43000000000000	0.247561925221268
2.44000000000000	0.227577454901330
2.45000000000000	0.207589596567250
2.46000000000000	0.187598960584019
2.47000000000000	0.167606067429360
2.48000000000000	0.147611357498311
2.49000000000000	0.127615200485577
2.50000000000000	0.107617904212372
2.51000000000000	0.0876197228090396
2.52000000000000	0.0691290120342342
2.53000000000000	0.0546237678976733
2.54000000000000	0.0435840479905625
2.55000000000000	0.0351832035051941
2.56000000000000	0.0287790678579333
2.57000000000000	0.0238762509612576
2.58000000000000	0.0200954479100841
2.59000000000000	0.0171485780827465
2.60000000000000	0.0148187514679542
2.61000000000000	0.0129442148101724
2.62000000000000	0.0114055641511827
2.63000000000000	0.0101156253301044
2.64000000000000	0.00901150242148819
2.65000000000000	0.00804837807483748
2.66000000000000	0.00719472114488036
2.67000000000000	0.00642861752740629
2.68000000000000	0.00573499120199711
2.69000000000000	0.00510352542063699
2.70000000000000	0.00452712990898113
2.71000000000000	0.00400082986691292
2.72000000000000	0.00352097734438418
2.73000000000000	0.00308470599926459
2.74000000000000	0.00268956698486752
2.75000000000000	0.00233329734959649
2.76000000000000	0.00201368336282168
2.77000000000000	0.00172849004492533
2.78000000000000	0.00147543524437355
2.79000000000000	0.00125219219083410
2.80000000000000	0.00105640882636801
2.81000000000000	0.000885735605350804
2.82000000000000	0.000737856047350770
2.83000000000000	0.000610516283859343
2.84000000000000	0.000501551291524295
2.85000000000000	0.000408906559413505
2.86000000000000	0.000330654683512252
2.87000000000000	0.000265006890478011
2.88000000000000	0.000210319822687862
2.89000000000000	0.000165098112233083
2.90000000000000	0.000127993371105211
2.91000000000000	9.78002554119489e-05
2.92000000000000	7.34502450341206e-05
2.93000000000000	5.40037344157166e-05
2.94000000000000	3.86409660155184e-05
2.95000000000000	2.66522655193673e-05
2.96000000000000	1.74279636881291e-05
2.97000000000000	1.04483168917613e-05
2.98000000000000	5.27367232632003e-06
2.99000000000000	1.53506229743235e-06
3	-1.07463979475515e-06
