0	0
0.0100000000000000	-5.84621857487223e-37
0.0200000000000000	-2.63675648662387e-22
0.0300000000000000	6.61852744339741e-22
0.0400000000000000	4.61317216404441e-22
0.0500000000000000	3.13402225506363e-22
0.0600000000000000	2.10109079721988e-22
0.0700000000000000	-8.93233843655814e-22
0.0800000000000000	-1.36858233902156e-21
0.0900000000000000	-1.63906938836937e-21
0.100000000000000	-1.77072773444461e-21
0.110000000000000	-1.57577556058359e-21
0.120000000000000	0.00514999999999999
0.130000000000000	0.0182457149416666
0.140000000000000	0.0386764163160066
0.150000000000000	0.0653635174629302
0.160000000000000	0.0923279677229848
0.170000000000000	0.116139277964632
0.180000000000000	0.136922523396414
0.190000000000000	0.155383415230133
0.200000000000000	0.172062091341254
0.210000000000000	0.187365874204252
0.220000000000000	0.201597132071778
0.230000000000000	0.214976554823143
0.240000000000000	0.227662281052866
0.250000000000000	0.239765371112128
0.260000000000000	0.251362132801023
0.270000000000000	0.262503788043181
0.280000000000000	0.273223931901699
0.290000000000000	0.283544188240460
0.300000000000000	0.293478415208317
0.310000000000000	0.303035762606706
0.320000000000000	0.312222834722872
0.330000000000000	0.321045167928490
0.340000000000000	0.329508193044386
0.350000000000000	0.337617818406757
0.360000000000000	0.345380740630614
0.370000000000000	0.352804565918515
0.380000000000000	0.359897804945301
0.390000000000000	0.366669788342032
0.400000000000000	0.373130537073317
0.410000000000000	0.379290612040398
0.420000000000000	0.385160959576012
0.430000000000000	0.390752763704042
0.440000000000000	0.396077311748862
0.450000000000000	0.401145876781262
0.460000000000000	0.405969618215912
0.470000000000000	0.410559500411567
0.480000000000000	0.414926228192930
0.490000000000000	0.419080197671077
0.500000000000000	0.423031460476408
0.510000000000000	0.426789699448490
0.520000000000000	0.430364213885369
0.530000000000000	0.433763912592584
0.540000000000000	0.436997313153508
0.550000000000000	0.440072546042987
0.560000000000000	0.442997362408179
0.570000000000000	0.445779144533103
0.580000000000000	0.448424918179921
0.590000000000000	0.450941366156952
0.600000000000000	0.453334842599660
0.610000000000000	0.455611387566634
0.620000000000000	0.457776741649127
0.630000000000000	0.459836360371850
0.640000000000000	0.461795428226483
0.650000000000000	0.463658872229881
0.660000000000000	0.465431374938234
0.670000000000000	0.467117386878501
0.680000000000000	0.468721138380822
0.690000000000000	0.470246650811959
0.700000000000000	0.471697747221311
0.710000000000000	0.473078062418809
0.720000000000000	0.474391052508915
0.730000000000000	0.475640003907672
0.740000000000000	0.476828041870995
0.750000000000000	0.477958138562475
0.760000000000000	0.479033120688288
0.770000000000000	0.480055676725683
0.780000000000000	0.481028363770063
0.790000000000000	0.481953614024097
0.800000000000000	0.482833740950676
0.810000000000000	0.483670945109922
0.820000000000000	0.484467319698939
0.830000000000000	0.485224855811554
0.840000000000000	0.485945447433997
0.850000000000000	0.486630896191257
0.860000000000000	0.487282915857748
0.870000000000000	0.487903136644984
0.880000000000000	0.488493109278022
0.890000000000000	0.489054308871694
0.900000000000000	0.489588138616903
0.910000000000000	0.490095933286625
0.920000000000000	0.494012295904029
0.930000000000000	0.503202244209012
0.940000000000000	0.517259774747448
0.950000000000000	0.535466922608014
0.960000000000000	0.557272026920669
0.970000000000000	0.582252893766957
0.980000000000000	0.606653361597773
0.990000000000000	0.628361931598285
1	0.647593998727314
1.01000000000000	0.664917795914639
1.02000000000000	0.680764603716377
1.03000000000000	0.695456880468462
1.04000000000000	0.709231909105346
1.05000000000000	0.722261341890915
1.06000000000000	0.734667099728556
1.07000000000000	0.746534107792101
1.08000000000000	0.757920340570598
1.09000000000000	0.768864619492131
1.10000000000000	0.779392564197363
1.11000000000000	0.789521050768900
1.12000000000000	0.799261481264943
1.13000000000000	0.808622121700557
1.14000000000000	0.817609721974464
1.15000000000000	0.826230592134364
1.16000000000000	0.834491275207534
1.17000000000000	0.842398927597779
1.18000000000000	0.849961493511836
1.19000000000000	0.857187739623325
1.20000000000000	0.864087199729502
1.21000000000000	0.870670065999442
1.22000000000000	0.876947053056478
1.23000000000000	0.882929253119244
1.24000000000000	0.888627994325616
1.25000000000000	0.894054709813629
1.26000000000000	0.899220821815659
1.27000000000000	0.904137642669117
1.28000000000000	0.908816293036236
1.29000000000000	0.913267636575955
1.30000000000000	0.917502229676651
1.31000000000000	0.921530284524286
1.32000000000000	0.925361643656751
1.33000000000000	0.929005764173149
1.34000000000000	0.932471709875013
1.35000000000000	0.935768149777179
1.36000000000000	0.938903361612167
1.37000000000000	0.941885239144712
1.38000000000000	0.944721302300202
1.39000000000000	0.947418709284404
1.40000000000000	0.949984270027899
1.41000000000000	0.952424460425073
1.42000000000000	0.954745436954351
1.43000000000000	0.956953051364392
1.44000000000000	0.959052865191784
1.45000000000000	0.961050163941281
1.46000000000000	0.962949970811821
1.47000000000000	0.964757059892452
1.48000000000000	0.966475968783660
1.49000000000000	0.968111010623297
1.50000000000000	0.969666285513601
1.51000000000000	0.971145691358238
1.52000000000000	0.972552934126729
1.53000000000000	0.973891537569119
1.54000000000000	0.975164852406965
1.55000000000000	0.976376065028281
1.56000000000000	0.977528205714435
1.57000000000000	0.978624156426561
1.58000000000000	0.979666658178012
1.59000000000000	0.980658318018086
1.60000000000000	0.981601615650699
1.61000000000000	0.982498909710146
1.62000000000000	0.983352443714459
1.63000000000000	0.984164351715411
1.64000000000000	0.984936663662731
1.65000000000000	0.985671310498814
1.66000000000000	0.986370128998957
1.67000000000000	0.987034866371081
1.68000000000000	0.987667184627891
1.69000000000000	0.988268664743505
1.70000000000000	0.988840810605818
1.71000000000000	0.989385052775094
1.72000000000000	0.989902752058658
1.73000000000000	0.990395202910945
1.74000000000000	0.990863636667614
1.75000000000000	0.991309224621984
1.76000000000000	0.991733080951543
1.77000000000000	0.992136265501901
1.78000000000000	0.992519786435169
1.79000000000000	0.992884602749363
1.80000000000000	0.993231626675138
1.81000000000000	0.993561725955802
1.82000000000000	0.989755726016294
1.83000000000000	0.979577840073180
1.84000000000000	0.963517397811340
1.85000000000000	0.942437979011510
1.86000000000000	0.917003500005099
1.87000000000000	0.887722422988693
1.88000000000000	0.854983882095475
1.89000000000000	0.819086759353984
1.90000000000000	0.780262738292818
1.91000000000000	0.738694306600711
1.92000000000000	0.694528592963377
1.93000000000000	0.647887822066409
1.94000000000000	0.598877066265562
1.95000000000000	0.547589869562918
1.96000000000000	0.494112223651411
1.97000000000000	0.442645289351103
1.98000000000000	0.395503752804221
1.99000000000000	0.352275198003070
2	0.312171586491544
2.01000000000000	0.274603448042903
2.02000000000000	0.239135726833313
2.03000000000000	0.205451573972485
2.04000000000000	0.173323114484023
2.05000000000000	0.142588203906435
2.06000000000000	0.113132232059492
2.07000000000000	0.0848741073335614
2.08000000000000	0.0577556483100395
2.09000000000000	0.0317337095214937
2.10000000000000	0.00677446723085566
2.11000000000000	-0.0171506155206042
2.12000000000000	-0.0400675404562317
2.13000000000000	-0.0620015630007923
2.14000000000000	-0.0829782745566870
2.15000000000000	-0.103024179117641
2.16000000000000	-0.122166919483300
2.17000000000000	-0.140435270893098
2.18000000000000	-0.157858989720484
2.19000000000000	-0.174468580926703
2.20000000000000	-0.190295029280643
2.21000000000000	-0.205369525002164
2.22000000000000	-0.219723203673806
2.23000000000000	-0.233386912287839
2.24000000000000	-0.246391007554064
2.25000000000000	-0.258765188588146
2.26000000000000	-0.270538363418759
2.27000000000000	-0.281738547061022
2.28000000000000	-0.292392787937765
2.29000000000000	-0.302527118980616
2.30000000000000	-0.312166529648781
2.31000000000000	-0.321334955242740
2.32000000000000	-0.330055280172424
2.33000000000000	-0.338349352198953
2.34000000000000	-0.346238005059569
2.35000000000000	-0.353741087275471
2.36000000000000	-0.360877495311741
2.37000000000000	-0.367665209595481
2.38000000000000	-0.374121332196689
2.39000000000000	-0.380262125234351
2.40000000000000	-0.386103049288707
2.41000000000000	-0.391658801282181
2.42000000000000	-0.395913351439730
2.43000000000000	-0.398320836069966
2.44000000000000	-0.399016023645760
2.45000000000000	-0.398226630675289
2.46000000000000	-0.396129874282767
2.47000000000000	-0.392863553997904
2.48000000000000	-0.388535111248813
2.49000000000000	-0.383228924881770
2.50000000000000	-0.377012099701686
2.51000000000000	-0.369938990948034
2.52000000000000	-0.362054686053081
2.53000000000000	-0.353397639747609
2.54000000000000	-0.344001632206608
2.55000000000000	-0.333897194209655
2.56000000000000	-0.323112619318800
2.57000000000000	-0.311674661463599
2.58000000000000	-0.299608997341884
2.59000000000000	-0.286940516736448
2.60000000000000	-0.273693490100619
2.61000000000000	-0.259891651375893
2.62000000000000	-0.246588224719890
2.63000000000000	-0.234365059360036
2.64000000000000	-0.223122170258366
2.65000000000000	-0.212665418757397
2.66000000000000	-0.202849953507862
2.67000000000000	-0.193569123819296
2.68000000000000	-0.184745419686008
2.69000000000000	-0.176323181559164
2.70000000000000	-0.168262823329069
2.71000000000000	-0.160536325441270
2.72000000000000	-0.153123776253687
2.73000000000000	-0.146010764810604
2.74000000000000	-0.139186454489821
2.75000000000000	-0.132642192687213
2.76000000000000	-0.126370535718251
2.77000000000000	-0.120364589804447
2.78000000000000	-0.114617588085368
2.79000000000000	-0.109122640002437
2.80000000000000	-0.103872603243547
2.81000000000000	-0.0988600399166468
2.82000000000000	-0.0940772279859735
2.83000000000000	-0.0895162065263348
2.84000000000000	-0.0851688392977014
2.85000000000000	-0.0810268857685027
2.86000000000000	-0.0770820722533244
2.87000000000000	-0.0733261584845224
2.88000000000000	-0.0697509968854296
2.89000000000000	-0.0663485832061931
2.90000000000000	-0.0631110981476135
2.91000000000000	-0.0600309402367584
2.92000000000000	-0.0571007506137838
2.93000000000000	-0.0543134306084160
2.94000000000000	-0.0516621530785852
2.95000000000000	-0.0491403684924752
2.96000000000000	-0.0467418066887325
2.97000000000000	-0.0444604751699173
2.98000000000000	-0.0422906546874386
2.99000000000000	-0.0402268927733808
3	-0.0382639957732861
