0	0
0.01	-1.4414e-16
0.02	-1.1769e-16
0.03	7.5074e-18
0.04	-3.7323e-16
0.05	4.0654e-17
0.06	3.0501e-16
0.07	-5.3519e-16
0.08	-1.9238e-17
0.09	-3.864e-17
0.1	-1.146e-17
0.11	0.67772
0.12	0.73559
0.13	0.73027
0.14	0.72615
0.15	0.72462
0.16	0.72413
0.17	0.72397
0.18	0.72392
0.19	0.72391
0.2	0.72391
0.21	0.7239
0.22	0.7239
0.23	0.72391
0.24	0.72391
0.25	0.72391
0.26	-0.63153
0.27	-0.74727
0.28	-0.73663
0.29	-0.7284
0.3	-0.72534
0.31	-0.72434
0.32	-0.72403
0.33	-0.72394
0.34	-0.72391
0.35	-0.7239
0.36	-0.7239
0.37	-0.7239
0.38	-0.7239
0.39	-0.7239
0.4	-0.7239
0.41	-0.046177
0.42	0.011691
0.43	0.0063681
0.44	0.0022538
0.45	0.00072391
0.46	0.00022549
0.47	6.9351e-05
0.48	2.1069e-05
0.49	6.207e-06
0.5	1.6395e-06
0.51	2.3709e-07
0.52	-1.9292e-07
0.53	-3.2425e-07
0.54	-3.6385e-07
0.55	-3.7529e-07
0.56	-3.7808e-07
0.57	-3.7821e-07
0.58	-3.7753e-07
0.59	-3.766e-07
0.6	-3.7559e-07
0.61	0.63536
0.62	0.68961
0.63	0.68463
0.64	0.68077
0.65	0.67934
0.66	0.67887
0.67	0.67872
0.68	0.67868
0.69	0.67866
0.7	0.67866
0.71	0.67866
0.72	0.67866
0.73	0.67866
0.74	0.67866
0.75	0.67866
0.76	0.67866
0.77	0.67866
0.78	0.67866
0.79	0.67866
0.8	0.67867
0.81	0.67867
0.82	0.67867
0.83	0.67867
0.84	0.67867
0.85	0.67867
0.86	0.67867
0.87	0.67867
0.88	0.67867
0.89	0.67867
0.9	0.67867
0.91	0.67867
0.92	0.67867
0.93	0.67867
0.94	0.67867
0.95	0.67867
0.96	0.67868
0.97	0.67868
0.98	0.67868
0.99	0.67868
1	0.67868
1.01	-0.46498
1.02	-0.56263
1.03	-0.55365
1.04	-0.54671
1.05	-0.54413
1.06	-0.54328
1.07	-0.54302
1.08	-0.54294
1.09	-0.54292
1.1	-0.54291
1.11	-0.54291
1.12	-0.54291
1.13	-0.54291
1.14	-0.54291
1.15	-0.54291
1.16	-0.54291
1.17	-0.54291
1.18	-0.54291
1.19	-0.54291
1.2	-0.54291
1.21	-0.54291
1.22	-0.54291
1.23	-0.54291
1.24	-0.54291
1.25	-0.54291
1.26	-0.54291
1.27	-0.54291
1.28	-0.54291
1.29	-0.54291
1.3	-0.54292
1.31	-0.54292
1.32	-0.54292
1.33	-0.54292
1.34	-0.54292
1.35	-0.54292
1.36	-0.54292
1.37	-0.54292
1.38	-0.54292
1.39	-0.54292
1.4	-0.54292
1.41	-0.54292
1.42	-0.54292
1.43	-0.54292
1.44	-0.54292
1.45	-0.54292
1.46	-0.54292
1.47	-0.54292
1.48	-0.54292
1.49	-0.54292
1.5	-0.54293
1.51	-0.034635
1.52	0.0087654
1.53	0.0047734
1.54	0.0016876
1.55	0.00054025
1.56	0.00016644
1.57	4.9339e-05
1.58	1.3135e-05
1.59	1.995e-06
1.6	-1.4234e-06
1.61	-2.4679e-06
1.62	-2.7831e-06
1.63	-2.8744e-06
1.64	-2.8968e-06
1.65	-2.8982e-06
1.66	-2.8931e-06
1.67	-2.886e-06
1.68	-2.8783e-06
1.69	-2.8705e-06
1.7	-2.8626e-06
1.71	-0.67772
1.72	-0.73559
1.73	-0.73027
1.74	-0.72616
1.75	-0.72463
1.76	-0.72413
1.77	-0.72397
1.78	-0.72393
1.79	-0.72391
1.8	-0.72391
1.81	-0.72391
1.82	-0.72391
1.83	-0.72391
1.84	-0.72391
1.85	-0.72391
1.86	-0.72391
1.87	-0.72391
1.88	-0.72391
1.89	-0.72391
1.9	-0.72391
1.91	-0.72391
1.92	-0.72391
1.93	-0.72391
1.94	-0.72392
1.95	-0.72392
1.96	-0.72392
1.97	-0.72392
1.98	-0.72392
1.99	-0.72392
2	-0.72392
2.01	0.63152
2.02	0.74726
2.03	0.73661
2.04	0.72839
2.05	0.72533
2.06	0.72433
2.07	0.72402
2.08	0.72392
2.09	0.72389
2.1	0.72389
2.11	0.72388
2.12	0.72388
2.13	0.72388
2.14	0.72388
2.15	0.72389
2.16	0.72389
2.17	0.72389
2.18	0.72389
2.19	0.72389
2.2	0.72389
2.21	0.72389
2.22	0.72389
2.23	0.72389
2.24	0.72389
2.25	0.72389
2.26	0.72389
2.27	0.72389
2.28	0.72389
2.29	0.72389
2.3	0.7239
2.31	0.046175
2.32	-0.011692
2.33	-0.0063695
2.34	-0.0022551
2.35	-0.0007252
2.36	-0.00022677
2.37	-7.0618e-05
2.38	-2.2332e-05
2.39	-7.4653e-06
2.4	-2.8942e-06
2.41	-1.4883e-06
2.42	-1.0548e-06
2.43	-9.2004e-07
2.44	-8.7701e-07
2.45	-8.6215e-07
2.46	-8.5596e-07
2.47	-8.5243e-07
2.48	-8.4972e-07
2.49	-8.4727e-07
2.5	-8.4491e-07
2.51	0.38122
2.52	0.41377
2.53	0.41077
2.54	0.40846
2.55	0.4076
2.56	0.40732
2.57	0.40723
2.58	0.40721
2.59	0.4072
2.6	0.4072
2.61	0.4072
2.62	0.4072
2.63	0.4072
2.64	0.4072
2.65	0.4072
2.66	0.4072
2.67	0.4072
2.68	0.4072
2.69	0.4072
2.7	0.4072
2.71	-0.35524
2.72	-0.42034
2.73	-0.41435
2.74	-0.40972
2.75	-0.408
2.76	-0.40744
2.77	-0.40727
2.78	-0.40721
2.79	-0.4072
2.8	-0.40719
2.81	-0.40719
2.82	-0.40719
2.83	-0.40719
2.84	-0.40719
2.85	-0.40719
2.86	-0.40719
2.87	-0.40719
2.88	-0.40719
2.89	-0.40719
2.9	-0.40719
2.91	-0.025975
2.92	0.0065752
2.93	0.0035812
2.94	0.0012668
2.95	0.00040629
2.96	0.00012593
2.97	3.81e-05
2.98	1.0944e-05
2.99	2.5857e-06
3	1.8908e-08
