0	0
0.0100000000000000	4.91770336111610e-29
0.0200000000000000	2.73182372322919e-17
0.0300000000000000	1.31352861848130e-17
0.0400000000000000	9.65247772345160e-18
0.0500000000000000	6.74873451784594e-18
0.0600000000000000	-5.36384347383351e-18
0.0700000000000000	3.32306588476243e-17
0.0800000000000000	1.97098089209368e-17
0.0900000000000000	1.04990592450974e-17
0.100000000000000	-1.16399592064387e-17
0.110000000000000	5.49963606311002e-17
0.120000000000000	-1.15140581016691e-05
0.130000000000000	-0.000154568527435466
0.140000000000000	-0.000652318072011146
0.150000000000000	-0.00174217215207679
0.160000000000000	-0.00363128562446341
0.170000000000000	-0.00648325977550172
0.180000000000000	-0.0104199704867588
0.190000000000000	-0.0155294904103829
0.200000000000000	-0.0218753338171855
0.210000000000000	-0.0295047525942995
0.220000000000000	-0.0384552188636014
0.230000000000000	-0.0487589739196656
0.240000000000000	-0.0604458763456709
0.250000000000000	-0.0735449141121042
0.260000000000000	-0.0880847591184957
0.270000000000000	-0.104093699289826
0.280000000000000	-0.121599218127822
0.290000000000000	-0.140627423498446
0.300000000000000	-0.161202465736276
0.310000000000000	-0.183346034004672
0.320000000000000	-0.207076979789554
0.330000000000000	-0.232411086865858
0.340000000000000	-0.259360986549374
0.350000000000000	-0.287936203774601
0.360000000000000	-0.318143312063907
0.370000000000000	-0.349986172090046
0.380000000000000	-0.383466228282271
0.390000000000000	-0.418582839667506
0.400000000000000	-0.455333624006203
0.410000000000000	-0.493714797938890
0.420000000000000	-0.533721499564813
0.430000000000000	-0.575348083507895
0.440000000000000	-0.618588381895269
0.450000000000000	-0.663435927540204
0.460000000000000	-0.709884138044151
0.470000000000000	-0.757926461453140
0.480000000000000	-0.807556485526290
0.490000000000000	-0.858768013759479
0.500000000000000	-0.911555111875370
0.510000000000000	-0.965912128884154
0.520000000000000	-1.02183369688171
0.530000000000000	-1.07931471364436
0.540000000000000	-1.13835031181896
0.550000000000000	-1.19893581816765
0.560000000000000	-1.26106670592292
0.570000000000000	-1.32473854286757
0.580000000000000	-1.38994693728841
0.590000000000000	-1.45668748359507
0.600000000000000	-1.52495570897034
0.610000000000000	-1.59474702202777
0.620000000000000	-1.66605666423336
0.630000000000000	-1.73887966451979
0.640000000000000	-1.81321079730593
0.650000000000000	-1.88904454398438
0.660000000000000	-1.96637505780621
0.670000000000000	-2.04519613194451
0.680000000000000	-2.12550117051345
0.690000000000000	-2.20728316221087
0.700000000000000	-2.29053465627493
0.710000000000000	-2.37524774040594
0.720000000000000	-2.46141402033396
0.730000000000000	-2.54902460072357
0.740000000000000	-2.63807006710327
0.750000000000000	-2.72854046859040
0.760000000000000	-2.82042530114145
0.770000000000000	-2.91371349116851
0.780000000000000	-3.00839337931349
0.790000000000000	-3.10445270425843
0.800000000000000	-3.20187858645959
0.810000000000000	-3.30065751169363
0.820000000000000	-3.40077531438010
0.830000000000000	-3.50221716061029
0.840000000000000	-3.60496753084782
0.850000000000000	-3.70901020228114
0.860000000000000	-3.81432823088451
0.870000000000000	-3.92090393304888
0.880000000000000	-4.02871886694837
0.890000000000000	-4.13775381356412
0.900000000000000	-4.24798875740910
0.910000000000000	-4.35940286697582
0.920000000000000	-4.47197447493501
0.930000000000000	-4.58568105811970
0.940000000000000	-4.70049921728707
0.950000000000000	-4.81640465671698
0.960000000000000	-4.93337216366684
0.970000000000000	-5.05137558769230
0.980000000000000	-5.17038781989253
0.990000000000000	-5.29038077202860
1	-5.41132535564845
1.01000000000000	-5.53319146113408
1.02000000000000	-5.65594793677897
1.03000000000000	-5.77956256782208
1.04000000000000	-5.90400205557629
1.05000000000000	-6.02923199654449
1.06000000000000	-6.15521686166667
1.07000000000000	-6.28191997559488
1.08000000000000	-6.40930349612107
1.09000000000000	-6.53732839371831
1.10000000000000	-6.66595443122646
1.11000000000000	-6.79514014370113
1.12000000000000	-6.92484281846055
1.13000000000000	-7.05501847534265
1.14000000000000	-7.18562184716745
1.15000000000000	-7.31660636047726
1.16000000000000	-7.44792411655069
1.17000000000000	-7.57952587262751
1.18000000000000	-7.71136102365266
1.19000000000000	-7.84337758409016
1.20000000000000	-7.97552217032971
1.21000000000000	-8.10773998337162
1.22000000000000	-8.23997479194314
1.23000000000000	-8.37216891609431
1.24000000000000	-8.50426321120501
1.25000000000000	-8.63619705253641
1.26000000000000	-8.76790832029672
1.27000000000000	-8.89933338523868
1.28000000000000	-9.03040709486046
1.29000000000000	-9.16106276022580
1.30000000000000	-9.29123214341411
1.31000000000000	-9.42084544564379
1.32000000000000	-9.54983129610456
1.33000000000000	-9.67811674155238
1.34000000000000	-9.80562723664524
1.35000000000000	-9.93228663508926
1.36000000000000	-10.0580171816738
1.37000000000000	-10.1827395050833
1.38000000000000	-10.3063726117593
1.39000000000000	-10.4288338805456
1.40000000000000	-10.5500390584822
1.41000000000000	-10.6699022575169
1.42000000000000	-10.7883359522036
1.43000000000000	-10.9052509788386
1.44000000000000	-11.0205565351899
1.45000000000000	-11.1341601819127
1.46000000000000	-11.2459678448988
1.47000000000000	-11.3558838189160
1.48000000000000	-11.4638107726082
1.49000000000000	-11.5696497547990
1.50000000000000	-11.6733002021250
1.51000000000000	-11.7746599482117
1.52000000000000	-11.3721054818778
1.53000000000000	-10.6653513481356
1.54000000000000	-10.1346225581431
1.55000000000000	-9.74008163524758
1.56000000000000	-9.44950476453275
1.57000000000000	-9.23700315383831
1.58000000000000	-9.08194235745568
1.59000000000000	-8.96802786439999
1.60000000000000	-8.88253167629513
1.61000000000000	-8.81563923085779
1.62000000000000	-8.75989946381724
1.63000000000000	-8.70976342738029
1.64000000000000	-8.66119895925836
1.65000000000000	-8.61137058090662
1.66000000000000	-8.55837521330946
1.67000000000000	-8.50102549771183
1.68000000000000	-8.43867355112047
1.69000000000000	-8.37106889978347
1.70000000000000	-8.29824513989055
1.71000000000000	-8.22043059509908
1.72000000000000	-8.13797887637162
1.73000000000000	-8.05131581994943
1.74000000000000	-7.96089978430177
1.75000000000000	-7.86719273453709
1.76000000000000	-7.77063993944119
1.77000000000000	-7.67165645375316
1.78000000000000	-7.57061886289527
1.79000000000000	-7.46786103252469
1.80000000000000	-7.36367283387394
1.81000000000000	-7.25830101220666
1.82000000000000	-7.15195153327969
1.83000000000000	-7.04479288382642
1.84000000000000	-6.93695992060168
1.85000000000000	-6.82855796011352
1.86000000000000	-6.71966688256943
1.87000000000000	-6.61034508803924
1.88000000000000	-6.50063319531500
1.89000000000000	-6.39055741492460
1.90000000000000	-6.28013255993397
1.91000000000000	-6.16936468135250
1.92000000000000	-6.05825333325844
1.93000000000000	-5.94679348469221
1.94000000000000	-5.83497710449160
1.95000000000000	-5.72279444809283
1.96000000000000	-5.61023508113820
1.97000000000000	-5.49728867186921
1.98000000000000	-5.38394558585030
1.99000000000000	-5.27019731379075
2	-5.15603676099432
2.01000000000000	-5.04145842425946
2.02000000000000	-2.87443637887903
2.03000000000000	0.443472618288245
2.04000000000000	2.92546488749182
2.05000000000000	4.76069928714334
2.06000000000000	6.10110413997219
2.07000000000000	7.06778578049336
2.08000000000000	7.75645212851037
2.09000000000000	8.24199834458746
2.10000000000000	8.58237425089344
2.11000000000000	8.82183374299597
2.12000000000000	8.99365197414502
2.13000000000000	9.12238478260991
2.14000000000000	9.22573558919413
2.15000000000000	9.31608708373288
2.16000000000000	9.40174811097588
2.17000000000000	9.48795997457179
2.18000000000000	9.57770081893120
2.19000000000000	9.67232170727903
2.20000000000000	9.77204347824605
2.21000000000000	9.87633936715521
2.22000000000000	9.98422472994938
2.23000000000000	10.0944719468049
2.24000000000000	10.2057657202058
2.25000000000000	10.3168114559875
2.26000000000000	10.4264072357371
2.27000000000000	10.5334879875507
2.28000000000000	10.6371488539739
2.29000000000000	10.7366533685575
2.30000000000000	10.8314309044609
2.31000000000000	10.9210668801590
2.32000000000000	11.0052884169369
2.33000000000000	11.0839474771066
2.34000000000000	11.1570029889748
2.35000000000000	11.2245030341344
2.36000000000000	11.2865678366476
2.37000000000000	11.3433740359937
2.38000000000000	11.3951405195374
2.39000000000000	11.4421159469402
2.40000000000000	11.4845679840546
2.41000000000000	11.5227741929041
2.42000000000000	11.5570144683241
2.43000000000000	11.5875648854072
2.44000000000000	11.6146928010203
2.45000000000000	11.6386530520713
2.46000000000000	11.6596850918425
2.47000000000000	11.6780109173316
2.48000000000000	11.6938336492908
2.49000000000000	11.7073366429600
2.50000000000000	11.7186830195010
2.51000000000000	11.7280155247243
2.52000000000000	9.53895064004988
2.53000000000000	6.16116152324940
2.54000000000000	3.72878344627707
2.55000000000000	2.02074922783828
2.56000000000000	0.860493840492830
2.57000000000000	0.108184969624153
2.58000000000000	-0.345890063402729
2.59000000000000	-0.586917730565400
2.60000000000000	-0.680259804537914
2.61000000000000	-0.675380297120964
2.62000000000000	-0.609104279748458
2.63000000000000	-0.508304148086362
2.64000000000000	-0.392098352547167
2.65000000000000	-0.273637637041806
2.66000000000000	-0.161544529383518
2.67000000000000	-0.0610632775140993
2.68000000000000	0.0250303500386360
2.69000000000000	0.0957169861287257
2.70000000000000	0.151183150597071
2.71000000000000	0.192401681299272
2.72000000000000	0.220817362033838
2.73000000000000	0.238116248250538
2.74000000000000	0.246060869869694
2.75000000000000	0.246376656755271
2.76000000000000	0.240677632761723
2.77000000000000	0.230421713611014
2.78000000000000	0.216887871457814
2.79000000000000	0.201169035362313
2.80000000000000	0.184175929756066
2.81000000000000	0.166648146562319
2.82000000000000	0.149169637056804
2.83000000000000	0.132186527865045
2.84000000000000	0.116025737314418
2.85000000000000	0.100913321641224
2.86000000000000	0.0869918303110449
2.87000000000000	0.0743362201699533
2.88000000000000	0.0629680802695270
2.89000000000000	0.0528680677993120
2.90000000000000	0.0439865620010175
2.91000000000000	0.0362526156663190
2.92000000000000	0.0295813307363457
2.93000000000000	0.0238798109370113
2.94000000000000	0.0190518583741581
2.95000000000000	0.0150015812114065
2.96000000000000	0.0116360755661318
2.97000000000000	0.00886733347104439
2.98000000000000	0.00661351584096230
2.99000000000000	0.00479971390448004
3	0.00335830824141791
