0	0
0.01	2.1153e-22
0.02	-3.4617e-22
0.03	6.5246e-22
0.04	1.7462e-21
0.05	1.1172e-21
0.06	1.6469e-21
0.07	8.9889e-22
0.08	3.3439e-22
0.09	1.9504e-21
0.1	2.0639e-21
0.11	-0.00034428
0.12	-0.0025282
0.13	-0.0068924
0.14	-0.013432
0.15	-0.022152
0.16	-0.033059
0.17	-0.046151
0.18	-0.06143
0.19	-0.078894
0.2	-0.098545
0.21	-0.12038
0.22	-0.1444
0.23	-0.17061
0.24	-0.199
0.25	-0.22958
0.26	-0.082235
0.27	-0.037566
0.28	-0.0093286
0.29	0.016241
0.3	0.040004
0.31	0.061775
0.32	0.081432
0.33	0.098928
0.34	0.11425
0.35	0.12738
0.36	0.13833
0.37	0.14709
0.38	0.15367
0.39	0.15807
0.4	0.16028
0.41	0.013912
0.42	-0.0010022
0.43	-0.00087434
0.44	-0.00032921
0.45	-0.00010737
0.46	-3.3366e-05
0.47	-9.9946e-06
0.48	-2.745e-06
0.49	-5.1112e-07
0.5	1.7433e-07
0.51	3.8295e-07
0.52	4.4484e-07
0.53	4.616e-07
0.54	4.6448e-07
0.55	4.6309e-07
0.56	4.604e-07
0.57	4.5731e-07
0.58	4.5411e-07
0.59	4.5089e-07
0.6	4.4766e-07
0.61	-0.13787
0.62	-0.15379
0.63	-0.15751
0.64	-0.16275
0.65	-0.1702
0.66	-0.17971
0.67	-0.19119
0.68	-0.20461
0.69	-0.21994
0.7	-0.2372
0.71	-0.25638
0.72	-0.27748
0.73	-0.30049
0.74	-0.32542
0.75	-0.35226
0.76	-0.38102
0.77	-0.4117
0.78	-0.44428
0.79	-0.47878
0.8	-0.51519
0.81	-0.5535
0.82	-0.59372
0.83	-0.63584
0.84	-0.67987
0.85	-0.72579
0.86	-0.7736
0.87	-0.8233
0.88	-0.87489
0.89	-0.92837
0.9	-0.98372
0.91	-1.0409
0.92	-1.1
0.93	-1.161
0.94	-1.2238
0.95	-1.2884
0.96	-1.3549
0.97	-1.4232
0.98	-1.4933
0.99	-1.5653
1	-1.639
1.01	-0.57454
1.02	-0.40711
1.03	-0.34903
1.04	-0.29545
1.05	-0.24069
1.06	-0.18603
1.07	-0.13223
1.08	-0.079564
1.09	-0.028128
1.1	0.02205
1.11	0.070962
1.12	0.11861
1.13	0.16499
1.14	0.2101
1.15	0.25395
1.16	0.29655
1.17	0.33788
1.18	0.37796
1.19	0.41679
1.2	0.45436
1.21	0.49069
1.22	0.52578
1.23	0.55962
1.24	0.59222
1.25	0.62359
1.26	0.65373
1.27	0.68263
1.28	0.71031
1.29	0.73676
1.3	0.76199
1.31	0.786
1.32	0.80879
1.33	0.83037
1.34	0.85074
1.35	0.86989
1.36	0.88784
1.37	0.90458
1.38	0.92012
1.39	0.93446
1.4	0.9476
1.41	0.95953
1.42	0.97028
1.43	0.97982
1.44	0.98817
1.45	0.99533
1.46	1.0013
1.47	1.0061
1.48	1.0097
1.49	1.0121
1.5	1.0133
1.51	0.087953
1.52	-0.0062459
1.53	-0.0054821
1.54	-0.0020591
1.55	-0.00066542
1.56	-0.00020067
1.57	-5.4013e-05
1.58	-8.5829e-06
1.59	5.3791e-06
1.6	9.6357e-06
1.61	1.0907e-05
1.62	1.1261e-05
1.63	1.1333e-05
1.64	1.132e-05
1.65	1.1279e-05
1.66	1.1231e-05
1.67	1.118e-05
1.68	1.1129e-05
1.69	1.1078e-05
1.7	1.1027e-05
1.71	1.2337
1.72	1.3572
1.73	1.3519
1.74	1.3411
1.75	1.3308
1.76	1.3196
1.77	1.3067
1.78	1.2918
1.79	1.2749
1.8	1.2558
1.81	1.2346
1.82	1.2113
1.83	1.1858
1.84	1.1582
1.85	1.1285
1.86	1.0966
1.87	1.0625
1.88	1.0263
1.89	0.98788
1.9	0.94732
1.91	0.90458
1.92	0.85965
1.93	0.81254
1.94	0.76324
1.95	0.71173
1.96	0.65801
1.97	0.60209
1.98	0.54395
1.99	0.48358
2	0.42099
2.01	-1.4742
2.02	-1.6072
2.03	-1.546
2.04	-1.4816
2.05	-1.4233
2.06	-1.3688
2.07	-1.3171
2.08	-1.2676
2.09	-1.2203
2.1	-1.1752
2.11	-1.1321
2.12	-1.0912
2.13	-1.0524
2.14	-1.0157
2.15	-0.98119
2.16	-0.9488
2.17	-0.91854
2.18	-0.89044
2.19	-0.86448
2.2	-0.84067
2.21	-0.81902
2.22	-0.79953
2.23	-0.78219
2.24	-0.76701
2.25	-0.754
2.26	-0.74315
2.27	-0.73446
2.28	-0.72794
2.29	-0.72359
2.3	-0.7214
2.31	-0.062596
2.32	0.0044515
2.33	0.0039181
2.34	0.0014864
2.35	0.00049609
2.36	0.00016582
2.37	6.155e-05
2.38	2.9187e-05
2.39	1.9171e-05
2.4	1.6047e-05
2.41	1.5041e-05
2.42	1.4686e-05
2.43	1.4531e-05
2.44	1.4438e-05
2.45	1.4365e-05
2.46	1.4297e-05
2.47	1.4231e-05
2.48	1.4166e-05
2.49	1.4101e-05
2.5	1.4037e-05
2.51	-0.37046
2.52	-0.40885
2.53	-0.40991
2.54	-0.41059
2.55	-0.41277
2.56	-0.416
2.57	-0.42005
2.58	-0.42482
2.59	-0.43029
2.6	-0.43644
2.61	-0.44328
2.62	-0.45081
2.63	-0.45901
2.64	-0.4679
2.65	-0.47748
2.66	-0.48773
2.67	-0.49866
2.68	-0.51028
2.69	-0.52257
2.7	-0.53555
2.71	0.28717
2.72	0.38353
2.73	0.39515
2.74	0.40369
2.75	0.41337
2.76	0.42321
2.77	0.43265
2.78	0.4415
2.79	0.4497
2.8	0.45721
2.81	0.46405
2.82	0.4702
2.83	0.47567
2.84	0.48046
2.85	0.48456
2.86	0.48798
2.87	0.49072
2.88	0.49277
2.89	0.49415
2.9	0.49483
2.91	0.042959
2.92	-0.0030449
2.93	-0.0026716
2.94	-0.00099974
2.95	-0.0003191
2.96	-9.2131e-05
2.97	-2.0531e-05
2.98	1.6293e-06
2.99	8.4203e-06
3	1.0471e-05
