0	0
0.001	0
0.002	0
0.003	0
0.004	0
0.005	0
0.006	0
0.007	0
0.008	0
0.009	0
0.01	0
0.011	0
0.012	0
0.013	0
0.014	0
0.015	0
0.016	0
0.017	0
0.018	0
0.019	0
0.02	0
0.021	0
0.022	0
0.023	0
0.024	0
0.025	0
0.026	0
0.027	0
0.028	0
0.029	0
0.03	0
0.031	0
0.032	0
0.033	0
0.034	0
0.035	0
0.036	0
0.037	0
0.038	0
0.039	0
0.04	0
0.041	0
0.042	0
0.043	0
0.044	0
0.045	0
0.046	0
0.047	0
0.048	0
0.049	0
0.05	0
0.051	0
0.052	0
0.053	0
0.054	0
0.055	0
0.056	0
0.057	0
0.058	0
0.059	0
0.06	0
0.061	0
0.062	0
0.063	0
0.064	0
0.065	0
0.066	0
0.067	0
0.068	0
0.069	0
0.07	0
0.071	0
0.072	0
0.073	0
0.074	0
0.075	0
0.076	0
0.077	0
0.078	0
0.079	0
0.08	0
0.081	0
0.082	0
0.083	0
0.084	0
0.085	0
0.086	0
0.087	0
0.088	0
0.089	0
0.09	0
0.091	0
0.092	0
0.093	0
0.094	0
0.095	0
0.096	0
0.097	0
0.098	0
0.099	0
0.1	0
0.101	0
0.102	0
0.103	0.0052299652
0.104	0.0137191073
0.105	0.0253236327
0.106	0.0399044862
0.107	0.0573272117
0.108	0.0774618162
0.109	0.1001826379
0.11	0.1253682176
0.111	0.1529011745
0.112	0.182668084
0.113	0.2145593608
0.114	0.248469144
0.115	0.2842951854
0.116	0.3219387418
0.117	0.3613044699
0.118	0.4023003235
0.119	0.4448374548
0.12	0.4888301176
0.121	0.5341955737
0.122	0.5808540014
0.123	0.6287284075
0.124	0.6777445407
0.125	0.7278308084
0.126	0.7789181954
0.127	0.8309401847
0.128	0.8838326813
0.129	0.9375339371
0.13	0.9919844793
0.131	1.0471270393
0.132	1.102906485
0.133	1.1592697543
0.134	1.2161657904
0.135	1.2735454796
0.136	1.3313615903
0.137	1.3895687139
0.138	1.4481232077
0.139	1.5069831389
0.14	1.5661082308
0.141	1.6254598101
0.142	1.6850007558
0.143	1.7446954501
0.144	1.8045097298
0.145	1.8644108399
0.146	1.9243673884
0.147	1.9843493018
0.148	2.0443277828
0.149	2.1042752688
0.15	2.1641653914
0.151	2.2239729374
0.152	2.2836738112
0.153	2.3432449973
0.154	2.4026645252
0.155	2.4619114344
0.156	2.5209657409
0.157	2.5798084043
0.158	2.6384212963
0.159	2.6967871699
0.16	2.7548896298
0.161	2.8127131028
0.162	2.8702428105
0.163	2.9274647414
0.164	2.9843656251
0.165	3.040932906
0.166	3.0971547189
0.167	3.1530198649
0.168	3.2085177876
0.169	3.2636385509
0.17	3.3183728168
0.171	3.3727118239
0.172	3.4266473671
0.173	3.4801717773
0.174	3.5332779021
0.175	3.5859590868
0.176	3.6382091564
0.177	3.6900223976
0.178	3.7413935421
0.179	3.7923177494
0.18	3.8427905912
0.181	3.8928080357
0.182	3.9423664321
0.183	3.9914624966
0.184	4.0400932977
0.185	4.0882562427
0.186	4.1359490644
0.187	4.1831698081
0.188	4.2299168193
0.189	4.2761887315
0.19	4.3219844543
0.191	4.3673031628
0.192	4.4121442858
0.193	4.4565074956
0.194	4.5003926979
0.195	4.5438000215
0.196	4.5867298089
0.197	4.6291826071
0.198	4.6711591584
0.199	4.7126603918
0.2	4.7536874147
0.201	4.7942415045
0.202	4.8343241012
0.203	4.8739367993
0.204	4.9130813407
0.205	4.9517596076
0.206	4.9899736157
0.207	5.0277255074
0.208	5.0650175457
0.209	5.1018521076
0.21	5.1382316785
0.211	5.1741588462
0.212	5.2096362956
0.213	5.2446668029
0.214	5.2792532309
0.215	5.3133985238
0.216	5.3471057021
0.217	5.3803778586
0.218	5.4132181533
0.219	5.4456298091
0.22	5.4776161082
0.221	5.5091803876
0.222	5.5403260351
0.223	5.5710564862
0.224	5.6013752197
0.225	5.6312857551
0.226	5.6607916484
0.227	5.6898964897
0.228	5.7186038994
0.229	5.7469175258
0.23	5.774841042
0.231	5.8023781432
0.232	5.829532544
0.233	5.8563079759
0.234	5.882708185
0.235	5.9087369295
0.236	5.9343979775
0.237	5.9596951049
0.238	5.9846320934
0.239	6.0092127283
0.24	6.0334407969
0.241	6.0573200864
0.242	6.0808543825
0.243	6.1040474673
0.244	6.1269031182
0.245	6.1494251059
0.246	6.1716171935
0.247	6.1934831347
0.248	6.2150266723
0.249	6.2362515377
0.25	6.2571614488
0.251	6.2777601098
0.252	6.298051209
0.253	6.3180384189
0.254	6.3377253943
0.255	6.357115772
0.256	6.3762131696
0.257	6.3950211847
0.258	6.413543394
0.259	6.4317833531
0.26	6.4497445949
0.261	6.4674306296
0.262	6.4848449441
0.263	6.5019910008
0.264	6.5188722378
0.265	6.5354920677
0.266	6.5518538776
0.267	6.5679610285
0.268	6.5838168548
0.269	6.5994246639
0.27	6.614787736
0.271	6.6299093235
0.272	6.6447926511
0.273	6.659440915
0.274	6.6738572832
0.275	6.6880448947
0.276	6.7020068597
0.277	6.7157462593
0.278	6.7292661452
0.279	6.7425695398
0.28	6.7556594359
0.281	6.7685387965
0.282	6.7812105549
0.283	6.7936776146
0.284	6.8059428495
0.285	6.8180091029
0.286	6.8298791888
0.287	6.8415558908
0.288	6.8530419627
0.289	6.8643401285
0.29	6.875453082
0.291	6.8863834873
0.292	6.8971339787
0.293	6.9077071608
0.294	6.9181056083
0.295	6.9283318666
0.296	6.9383884513
0.297	6.948277849
0.298	6.9580025167
0.299	6.9675648825
0.3	6.9769673452
0.301	6.9862122751
0.302	6.9953020135
0.303	7.0042388733
0.304	7.0130251387
0.305	7.0216630661
0.306	7.0301548835
0.307	7.038502791
0.308	7.0467089612
0.309	7.054775539
0.31	7.0627046421
0.311	7.0704983608
0.312	7.0781587589
0.313	7.085687873
0.314	7.0930877135
0.315	7.1003602643
0.316	7.1075074833
0.317	7.1145313026
0.318	7.1214336283
0.319	7.1282163415
0.32	7.1348812977
0.321	7.1414303276
0.322	7.1478652371
0.323	7.1541878077
0.324	7.1603997963
0.325	7.1665029359
0.326	7.1724989356
0.327	7.1783894811
0.328	7.1841762344
0.329	7.1898608345
0.33	7.1954448977
0.331	7.2009300172
0.332	7.2063177643
0.333	7.2116096876
0.334	7.2168073141
0.335	7.2219121489
0.336	7.2269256758
0.337	7.231849357
0.338	7.2366846341
0.339	7.2414329278
0.34	7.246095638
0.341	7.2506741447
0.342	7.2551698075
0.343	7.2595839664
0.344	7.2639179416
0.345	7.268173034
0.346	7.2723505255
0.347	7.2764516789
0.348	7.2804777383
0.349	7.2844299294
0.35	7.2883094598
0.351	7.2921175188
0.352	7.2958552782
0.353	7.299523892
0.354	7.303124497
0.355	7.3066582128
0.356	7.3101261421
0.357	7.313529371
0.358	7.3168689689
0.359	7.3201459892
0.36	7.323361469
0.361	7.3265164298
0.362	7.3296118772
0.363	7.3326488015
0.364	7.3356281778
0.365	7.338550966
0.366	7.3414181115
0.367	7.3442305446
0.368	7.3469891817
0.369	7.3496949245
0.37	7.352348661
0.371	7.354951265
0.372	7.357503597
0.373	7.3600065039
0.374	7.3624608191
0.375	7.3648673632
0.376	7.3672269437
0.377	7.3695403554
0.378	7.3718083807
0.379	7.3740317892
0.38	7.3762113387
0.381	7.3783477749
0.382	7.3804418314
0.383	7.3824942303
0.384	7.3845056821
0.385	7.3864768861
0.386	7.38840853
0.387	7.390301291
0.388	7.392155835
0.389	7.3939728173
0.39	7.3957528827
0.391	7.3974966656
0.392	7.3992047901
0.393	7.4008778701
0.394	7.4025165098
0.395	7.4041213032
0.396	7.405692835
0.397	7.4072316803
0.398	7.4087384047
0.399	7.4102135646
0.4	7.4116577074
0.401	7.4130713714
0.402	7.4144550863
0.403	7.4158093728
0.404	7.4171347431
0.405	7.4184317014
0.406	7.4197007429
0.407	7.4209423552
0.408	7.4221570176
0.409	7.4233452013
0.41	7.4245073701
0.411	7.4256439798
0.412	7.4267554787
0.413	7.4278423078
0.414	7.4289049006
0.415	7.4299436834
0.416	7.4309590754
0.417	7.4319514888
0.418	7.4329213289
0.419	7.4338689943
0.42	7.4347948768
0.421	7.4356993616
0.422	7.4365828278
0.423	7.4374456475
0.424	7.4382881871
0.425	7.4391108066
0.426	7.4399138599
0.427	7.4406976949
0.428	7.4414626537
0.429	7.4422090728
0.43	7.4429372825
0.431	7.4436476081
0.432	7.4443403689
0.433	7.445015879
0.434	7.4456744472
0.435	7.446316377
0.436	7.4469419665
0.437	7.4475515092
0.438	7.4481452931
0.439	7.4487236017
0.44	7.4492867133
0.441	7.4498349016
0.442	7.4503684357
0.443	7.45088758
0.444	7.4513925943
0.445	7.4518837341
0.446	7.4523612503
0.447	7.4528253896
0.448	7.4532763946
0.449	7.4537145034
0.45	7.4541399503
0.451	7.4545529654
0.452	7.4549537747
0.453	7.4553426007
0.454	7.4557196616
0.455	7.4560851722
0.456	7.4564393432
0.457	7.456782382
0.458	7.4571144922
0.459	7.4574358739
0.46	7.4577467238
0.461	7.458047235
0.462	7.4583375975
0.463	7.4586179977
0.464	7.458888619
0.465	7.4591496415
0.466	7.4594012421
0.467	7.4596435946
0.468	7.45987687
0.469	7.460101236
0.47	7.4603168575
0.471	7.4605238967
0.472	7.4607225125
0.473	7.4609128614
0.474	7.461095097
0.475	7.4612693703
0.476	7.4614358295
0.477	7.4615946203
0.478	7.4617458859
0.479	7.4618897667
0.48	7.4620264009
0.481	7.4621559242
0.482	7.4622784698
0.483	7.4623941687
0.484	7.4625031495
0.485	7.4626055385
0.486	7.4627014597
0.487	7.4627910352
0.488	7.4628743847
0.489	7.4629516257
0.49	7.4630228737
0.491	7.4630882424
0.492	7.4631478431
0.493	7.4632017853
0.494	7.4632501766
0.495	7.4632931226
0.496	7.463330727
0.497	7.4633630917
0.498	7.4633903168
0.499	7.4634125006
0.5	7.4634297396
0.501	7.4634421286
0.502	7.4634497608
0.503	7.4634527276
0.504	7.4634511189
0.505	7.4634450227
0.506	7.4634345259
0.507	7.4634197134
0.508	7.4634006688
0.509	7.4633774741
0.51	7.46335021
0.511	7.4633189556
0.512	7.4632837885
0.513	7.4632447851
0.514	7.4632020204
0.515	7.4631555679
0.516	7.4631054999
0.517	7.4630518873
0.518	7.4629947999
0.519	7.462934306
0.52	7.462870473
0.521	7.4628033666
0.522	7.4627330518
0.523	7.4626595922
0.524	7.4625830502
0.525	7.4625034871
0.526	7.4624209632
0.527	7.4623355375
0.528	7.4622472683
0.529	7.4621562124
0.53	7.4620624259
0.531	7.4619659637
0.532	7.4618668798
0.533	7.4617652271
0.534	7.4616610577
0.535	7.4615544226
0.536	7.461445372
0.537	7.4613339551
0.538	7.4612202203
0.539	7.4611042149
0.54	7.4609859856
0.541	7.460865578
0.542	7.4607430373
0.543	7.4606184072
0.544	7.4604917313
0.545	7.4603630518
0.546	7.4602324106
0.547	7.4600998486
0.548	7.459965406
0.549	7.4598291222
0.55	7.4596910359
0.551	7.4595511853
0.552	7.4594096075
0.553	7.4592663394
0.554	7.4591214167
0.555	7.4589748749
0.556	7.4588267485
0.557	7.4586770717
0.558	7.4585258778
0.559	7.4583731995
0.56	7.4582190691
0.561	7.4580635181
0.562	7.4579065775
0.563	7.4577482778
0.564	7.4575886488
0.565	7.4574277199
0.566	7.4572655198
0.567	7.4571020767
0.568	7.4569374184
0.569	7.4567715722
0.57	7.4566045645
0.571	7.4564364217
0.572	7.4562671696
0.573	7.4560968333
0.574	7.4559254377
0.575	7.455753007
0.576	7.4555795651
0.577	7.4554051355
0.578	7.455229741
0.579	7.4550534044
0.58	7.4548761477
0.581	7.4546979926
0.582	7.4545189605
0.583	7.4543390723
0.584	7.4541583485
0.585	7.4539768093
0.586	7.4537944745
0.587	7.4536113634
0.588	7.4534274952
0.589	7.4532428884
0.59	7.4530575615
0.591	7.4528715323
0.592	7.4526848187
0.593	7.4524974379
0.594	7.4523094069
0.595	7.4521207424
0.596	7.4519314607
0.597	7.451741578
0.598	7.45155111
0.599	7.4513600721
0.6	7.4511684796
0.601	7.4509763473
0.602	7.4507836898
0.603	7.4505905214
0.604	7.4503968563
0.605	7.4502027082
0.606	7.4500080906
0.607	7.4498130169
0.608	7.4496175
0.609	7.4494215528
0.61	7.4492251878
0.611	7.4490284172
0.612	7.4488312532
0.613	7.4486337077
0.614	7.4484357921
0.615	7.448237518
0.616	7.4480388965
0.617	7.4478399385
0.618	7.4476406548
0.619	7.447441056
0.62	7.4472411525
0.621	7.4470409544
0.622	7.4468404716
0.623	7.446639714
0.624	7.446438691
0.625	7.4462374122
0.626	7.4460358867
0.627	7.4458341236
0.628	7.4456321318
0.629	7.4454299199
0.63	7.4452274966
0.631	7.44502487
0.632	7.4448220486
0.633	7.4446190403
0.634	7.4444158531
0.635	7.4442124946
0.636	7.4440089725
0.637	7.4438052943
0.638	7.4436014672
0.639	7.4433974984
0.64	7.4431933949
0.641	7.4429891636
0.642	7.4427848114
0.643	7.4425803447
0.644	7.4423757702
0.645	7.4421710941
0.646	7.4419663228
0.647	7.4417614623
0.648	7.4415565188
0.649	7.4413514979
0.65	7.4411464056
0.651	7.4409412475
0.652	7.4407360292
0.653	7.440530756
0.654	7.4403254334
0.655	7.4401200666
0.656	7.4399146607
0.657	7.4397092207
0.658	7.4395037515
0.659	7.4392982581
0.66	7.439092745
0.661	7.4388872171
0.662	7.4386816788
0.663	7.4384761346
0.664	7.4382705888
0.665	7.4380650458
0.666	7.4378595098
0.667	7.4376539849
0.668	7.4374484751
0.669	7.4372429844
0.67	7.4370375166
0.671	7.4368320756
0.672	7.4366266651
0.673	7.4364212887
0.674	7.4362159501
0.675	7.4360106527
0.676	7.4358053999
0.677	7.4356001951
0.678	7.4353950417
0.679	7.4351899429
0.68	7.4349849017
0.681	7.4347799214
0.682	7.434575005
0.683	7.4343701554
0.684	7.4341653756
0.685	7.4339606684
0.686	7.4337560366
0.687	7.433551483
0.688	7.4333470103
0.689	7.433142621
0.69	7.4329383179
0.691	7.4327341033
0.692	7.4325299798
0.693	7.4323259497
0.694	7.4321220155
0.695	7.4319181795
0.696	7.4317144439
0.697	7.4315108111
0.698	7.4313072831
0.699	7.4311038621
0.7	7.4309005502
0.701	7.4306973494
0.702	7.4304942618
0.703	7.4302912892
0.704	7.4300884337
0.705	7.4298856971
0.706	7.4296830813
0.707	7.429480588
0.708	7.429278219
0.709	7.429075976
0.71	7.4288738607
0.711	7.4286718748
0.712	7.42847002
0.713	7.4282682976
0.714	7.4280667094
0.715	7.4278652569
0.716	7.4276639414
0.717	7.4274627645
0.718	7.4272617276
0.719	7.427060832
0.72	7.4268600791
0.721	7.4266594703
0.722	7.4264590069
0.723	7.42625869
0.724	7.426058521
0.725	7.425858501
0.726	7.4256586313
0.727	7.4254589129
0.728	7.4252593471
0.729	7.4250599349
0.73	7.4248606775
0.731	7.4246615758
0.732	7.4244626309
0.733	7.4242638439
0.734	7.4240652156
0.735	7.4238667471
0.736	7.4236684392
0.737	7.423470293
0.738	7.4232723093
0.739	7.423074489
0.74	7.4228768329
0.741	7.4226793419
0.742	7.4224820167
0.743	7.4222848583
0.744	7.4220878673
0.745	7.4218910445
0.746	7.4216943906
0.747	7.4214979064
0.748	7.4213015926
0.749	7.4211054498
0.75	7.4209094787
0.751	7.42071368
0.752	7.4205180543
0.753	7.4203226022
0.754	7.4201273244
0.755	7.4199322213
0.756	7.4197372936
0.757	7.4195425419
0.758	7.4193479666
0.759	7.4191535684
0.76	7.4189593476
0.761	7.4187653049
0.762	7.4185714406
0.763	7.4183777553
0.764	7.4181842495
0.765	7.4179909235
0.766	7.4177977779
0.767	7.4176048129
0.768	7.4174120292
0.769	7.4172194269
0.77	7.4170270066
0.771	7.4168347686
0.772	7.4166427132
0.773	7.4164508409
0.774	7.4162591519
0.775	7.4160676466
0.776	7.4158763253
0.777	7.4156851884
0.778	7.4154942361
0.779	7.4153034687
0.78	7.4151128864
0.781	7.4149224897
0.782	7.4147322787
0.783	7.4145422537
0.784	7.4143524149
0.785	7.4141627626
0.786	7.413973297
0.787	7.4137840183
0.788	7.4135949268
0.789	7.4134060226
0.79	7.4132173058
0.791	7.4130287769
0.792	7.4128404359
0.793	7.4126522829
0.794	7.4124643182
0.795	7.4122765418
0.796	7.4120889541
0.797	7.411901555
0.798	7.4117143448
0.799	7.4115273235
0.8	7.4113404914
0.801	7.4111538484
0.802	7.4109673948
0.803	7.4107811307
0.804	7.410595056
0.805	7.4104091711
0.806	7.4102234759
0.807	7.4100379704
0.808	7.4098526549
0.809	7.4096675293
0.81	7.4094825938
0.811	7.4092978484
0.812	7.4091132931
0.813	7.408928928
0.814	7.4087447533
0.815	7.4085607687
0.816	7.4083769746
0.817	7.4081933708
0.818	7.4080099575
0.819	7.4078267346
0.82	7.4076437021
0.821	7.4074608601
0.822	7.4072782086
0.823	7.4070957476
0.824	7.4069134771
0.825	7.406731397
0.826	7.4065495075
0.827	7.4063678085
0.828	7.4061863
0.829	7.4060049819
0.83	7.4058238543
0.831	7.4056429172
0.832	7.4054621705
0.833	7.4052816141
0.834	7.405101248
0.835	7.4049210723
0.836	7.4047410869
0.837	7.4045612918
0.838	7.4043816868
0.839	7.404202272
0.84	7.4040230473
0.841	7.4038440127
0.842	7.403665168
0.843	7.4034865134
0.844	7.4033080486
0.845	7.4031297736
0.846	7.4029516884
0.847	7.4027737929
0.848	7.402596087
0.849	7.4024185707
0.85	7.4022412439
0.851	7.4020641064
0.852	7.4018871583
0.853	7.4017103995
0.854	7.4015338298
0.855	7.4013574492
0.856	7.4011812576
0.857	7.4010052549
0.858	7.4008294411
0.859	7.4006538159
0.86	7.4004783794
0.861	7.4003031314
0.862	7.4001280719
0.863	7.3999532007
0.864	7.3997785177
0.865	7.3996040229
0.866	7.3994297161
0.867	7.3992555973
0.868	7.3990816662
0.869	7.3989079229
0.87	7.3987343671
0.871	7.3985609989
0.872	7.398387818
0.873	7.3982148243
0.874	7.3980420179
0.875	7.3978693984
0.876	7.3976969658
0.877	7.39752472
0.878	7.3973526609
0.879	7.3971807883
0.88	7.3970091022
0.881	7.3968376023
0.882	7.3966662886
0.883	7.3964951609
0.884	7.3963242191
0.885	7.3961534632
0.886	7.3959828928
0.887	7.395812508
0.888	7.3956423085
0.889	7.3954722943
0.89	7.3953024653
0.891	7.3951328212
0.892	7.3949633619
0.893	7.3947940874
0.894	7.3946249974
0.895	7.3944560918
0.896	7.3942873706
0.897	7.3941188335
0.898	7.3939504804
0.899	7.3937823111
0.9	7.3936143256
0.901	7.3934465237
0.902	7.3932789052
0.903	7.39311147
0.904	7.3929442179
0.905	7.3927771488
0.906	7.3926102626
0.907	7.3924435591
0.908	7.3922770381
0.909	7.3921106995
0.91	7.3919445432
0.911	7.391778569
0.912	7.3916127768
0.913	7.3914471664
0.914	7.3912817376
0.915	7.3911164903
0.916	7.3909514244
0.917	7.3907865396
0.918	7.3906218359
0.919	7.3904573131
0.92	7.390292971
0.921	7.3901288095
0.922	7.3899648284
0.923	7.3898010276
0.924	7.3896374069
0.925	7.3894739661
0.926	7.3893107052
0.927	7.3891476239
0.928	7.388984722
0.929	7.3888219996
0.93	7.3886594562
0.931	7.3884970919
0.932	7.3883349064
0.933	7.3881728996
0.934	7.3880110713
0.935	7.3878494214
0.936	7.3876879498
0.937	7.3875266561
0.938	7.3873655404
0.939	7.3872046024
0.94	7.3870438419
0.941	7.3868832589
0.942	7.3867228531
0.943	7.3865626243
0.944	7.3864025725
0.945	7.3862426975
0.946	7.3860829991
0.947	7.385923477
0.948	7.3857641313
0.949	7.3856049617
0.95	7.385445968
0.951	7.3852871501
0.952	7.3851285078
0.953	7.384970041
0.954	7.3848117495
0.955	7.384653633
0.956	7.3844956916
0.957	7.3843379249
0.958	7.3841803329
0.959	7.3840229154
0.96	7.3838656722
0.961	7.3837086031
0.962	7.3835517079
0.963	7.3833949867
0.964	7.383238439
0.965	7.3830820648
0.966	7.382925864
0.967	7.3827698363
0.968	7.3826139816
0.969	7.3824582997
0.97	7.3823027905
0.971	7.3821474538
0.972	7.3819922894
0.973	7.3818372972
0.974	7.3816824769
0.975	7.3815278285
0.976	7.3813733518
0.977	7.3812190466
0.978	7.3810649127
0.979	7.38091095
0.98	7.3807571583
0.981	7.3806035374
0.982	7.3804500872
0.983	7.3802968075
0.984	7.3801436982
0.985	7.3799907591
0.986	7.3798379899
0.987	7.3796853906
0.988	7.379532961
0.989	7.3793807009
0.99	7.3792286102
0.991	7.3790766887
0.992	7.3789249362
0.993	7.3787733525
0.994	7.3786219375
0.995	7.3784706911
0.996	7.378319613
0.997	7.3781687031
0.998	7.3780179613
0.999	7.3778673874
1	7.377716981
1.001	7.3775667423
1.002	7.377416671
1.003	7.3772667668
1.004	7.3771170297
1.005	7.3769674594
1.006	7.376818056
1.007	7.376668819
1.008	7.3765197485
1.009	7.3763708441
1.01	7.3762221059
1.011	7.3760735334
1.012	7.3759251268
1.013	7.3757768856
1.014	7.37562881
1.015	7.3754808995
1.016	7.3753331542
1.017	7.3751855737
1.018	7.3750381579
1.019	7.3748909068
1.02	7.3747438201
1.021	7.3745968976
1.022	7.3744501393
1.023	7.3743035448
1.024	7.3741571142
1.025	7.3740108471
1.026	7.3738647435
1.027	7.3737188032
1.028	7.3735730259
1.029	7.3734274117
1.03	7.3732819602
1.031	7.3731366714
1.032	7.3729915449
1.033	7.3728465809
1.034	7.372701779
1.035	7.372557139
1.036	7.3724126609
1.037	7.3722683445
1.038	7.3721241894
1.039	7.3719801959
1.04	7.3718363634
1.041	7.371692692
1.042	7.3715491813
1.043	7.3714058315
1.044	7.371262642
1.045	7.3711196132
1.046	7.3709767443
1.047	7.3708340356
1.048	7.3706914867
1.049	7.3705490976
1.05	7.370406868
1.051	7.3702647979
1.052	7.370122887
1.053	7.3699811352
1.054	7.3698395423
1.055	7.3696981082
1.056	7.3695568327
1.057	7.3694157157
1.058	7.3692747568
1.059	7.3691339563
1.06	7.3689933136
1.061	7.3688528289
1.062	7.3687125016
1.063	7.368572332
1.064	7.3684323196
1.065	7.3682924646
1.066	7.3681527663
1.067	7.3680132251
1.068	7.3678738405
1.069	7.3677346126
1.07	7.367595541
1.071	7.3674566257
1.072	7.3673178663
1.073	7.367179263
1.074	7.3670408154
1.075	7.3669025235
1.076	7.3667643868
1.077	7.3666264057
1.078	7.3664885796
1.079	7.3663509085
1.08	7.3662133922
1.081	7.3660760307
1.082	7.3659388235
1.083	7.3658017709
1.084	7.3656648723
1.085	7.3655281279
1.086	7.3653915372
1.087	7.3652551005
1.088	7.3651188172
1.089	7.3649826874
1.09	7.3648467108
1.091	7.3647108875
1.092	7.3645752169
1.093	7.3644396994
1.094	7.3643043344
1.095	7.3641691219
1.096	7.3640340617
1.097	7.3638991539
1.098	7.363764398
1.099	7.3636297941
1.1	7.3634953418
1.101	7.3633610412
1.102	7.3632268919
1.103	7.3630928941
1.104	7.3629590472
1.105	7.3628253514
1.106	7.3626918064
1.107	7.3625584121
1.108	7.3624251682
1.109	7.3622920748
1.11	7.3621591315
1.111	7.3620263384
1.112	7.361893695
1.113	7.3617612017
1.114	7.3616288577
1.115	7.3614966634
1.116	7.3613646182
1.117	7.3612327223
1.118	7.3611009753
1.119	7.3609693773
1.12	7.3608379278
1.121	7.3607066271
1.122	7.3605754746
1.123	7.3604444706
1.124	7.3603136145
1.125	7.3601829065
1.126	7.3600523461
1.127	7.3599219336
1.128	7.3597916685
1.129	7.3596615508
1.13	7.3595315803
1.131	7.3594017568
1.132	7.3592720803
1.133	7.3591425506
1.134	7.3590131674
1.135	7.3588839309
1.136	7.3587548404
1.137	7.3586258964
1.138	7.3584970983
1.139	7.3583684461
1.14	7.3582399396
1.141	7.3581115788
1.142	7.3579833632
1.143	7.3578552932
1.144	7.3577273681
1.145	7.3575995882
1.146	7.357471953
1.147	7.3573444627
1.148	7.3572171168
1.149	7.3570899155
1.15	7.3569628581
1.151	7.3568359453
1.152	7.3567091762
1.153	7.3565825511
1.154	7.3564560696
1.155	7.3563297316
1.156	7.3562035371
1.157	7.3560774858
1.158	7.3559515777
1.159	7.3558258124
1.16	7.3557001902
1.161	7.3555747104
1.162	7.3554493734
1.163	7.3553241786
1.164	7.3551991262
1.165	7.3550742158
1.166	7.3549494475
1.167	7.3548248208
1.168	7.354700336
1.169	7.3545759926
1.17	7.3544517908
1.171	7.35432773
1.172	7.3542038105
1.173	7.3540800318
1.174	7.3539563941
1.175	7.353832897
1.176	7.3537095405
1.177	7.3535863243
1.178	7.3534632485
1.179	7.3533403126
1.18	7.3532175169
1.181	7.3530948609
1.182	7.3529723448
1.183	7.352849968
1.184	7.3527277308
1.185	7.3526056328
1.186	7.352483674
1.187	7.352361854
1.188	7.3522401731
1.189	7.3521186308
1.19	7.3519972271
1.191	7.3518759618
1.192	7.3517548349
1.193	7.351633846
1.194	7.3515129953
1.195	7.3513922823
1.196	7.3512717073
1.197	7.3511512696
1.198	7.3510309697
1.199	7.3509108068
1.2	7.3507907813
1.201	7.3506708927
1.202	7.3505511412
1.203	7.3504315263
1.204	7.3503120482
1.205	7.3501927064
1.206	7.3500735012
1.207	7.349954432
1.208	7.3498354992
1.209	7.349716702
1.21	7.3495980408
1.211	7.3494795152
1.212	7.3493611253
1.213	7.3492428706
1.214	7.3491247514
1.215	7.3490067671
1.216	7.348888918
1.217	7.3487712036
1.218	7.3486536241
1.219	7.348536179
1.22	7.3484188686
1.221	7.3483016923
1.222	7.3481846503
1.223	7.3480677423
1.224	7.3479509683
1.225	7.347834328
1.226	7.3477178215
1.227	7.3476014483
1.228	7.3474852087
1.229	7.3473691021
1.23	7.3472531288
1.231	7.3471372884
1.232	7.347021581
1.233	7.3469060061
1.234	7.346790564
1.235	7.3466752541
1.236	7.3465600767
1.237	7.3464450313
1.238	7.3463301182
1.239	7.3462153368
1.24	7.3461006874
1.241	7.3459861694
1.242	7.3458717832
1.243	7.3457575282
1.244	7.3456434046
1.245	7.3455294119
1.246	7.3454155504
1.247	7.3453018196
1.248	7.3451882197
1.249	7.3450747503
1.25	7.3449614115
1.251	7.3448482028
1.252	7.3447351245
1.253	7.3446221762
1.254	7.3445093579
1.255	7.3443966694
1.256	7.3442841106
1.257	7.3441716813
1.258	7.3440593815
1.259	7.3439472109
1.26	7.3438351696
1.261	7.3437232572
1.262	7.3436114739
1.263	7.3434998192
1.264	7.3433882933
1.265	7.3432768958
1.266	7.3431656268
1.267	7.3430544859
1.268	7.3429434733
1.269	7.3428325886
1.27	7.3427218319
1.271	7.3426112028
1.272	7.3425007016
1.273	7.3423903276
1.274	7.3422800811
1.275	7.3421699618
1.276	7.3420599698
1.277	7.3419501045
1.278	7.3418403663
1.279	7.3417307547
1.28	7.3416212698
1.281	7.3415119113
1.282	7.3414026791
1.283	7.3412935733
1.284	7.3411845935
1.285	7.3410757398
1.286	7.3409670117
1.287	7.3408584096
1.288	7.3407499329
1.289	7.3406415818
1.29	7.3405333559
1.291	7.3404252554
1.292	7.3403172799
1.293	7.3402094294
1.294	7.3401017037
1.295	7.3399941028
1.296	7.3398866264
1.297	7.3397792746
1.298	7.3396720471
1.299	7.3395649439
1.3	7.3394579646
1.301	7.3393511095
1.302	7.3392443781
1.303	7.3391377705
1.304	7.3390312864
1.305	7.338924926
1.306	7.3388186888
1.307	7.338712575
1.308	7.3386065841
1.309	7.3385007163
1.31	7.3383949713
1.311	7.3382893492
1.312	7.3381838496
1.313	7.3380784726
1.314	7.3379732178
1.315	7.3378680855
1.316	7.3377630751
1.317	7.3376581869
1.318	7.3375534204
1.319	7.3374487759
1.32	7.3373442528
1.321	7.3372398515
1.322	7.3371355714
1.323	7.3370314128
1.324	7.3369273751
1.325	7.3368234587
1.326	7.336719663
1.327	7.3366159883
1.328	7.336512434
1.329	7.3364090006
1.33	7.3363056874
1.331	7.3362024947
1.332	7.336099422
1.333	7.3359964696
1.334	7.335893637
1.335	7.3357909244
1.336	7.3356883314
1.337	7.3355858581
1.338	7.3354835042
1.339	7.3353812698
1.34	7.3352791544
1.341	7.3351771584
1.342	7.3350752812
1.343	7.3349735231
1.344	7.3348718836
1.345	7.3347703629
1.346	7.3346689606
1.347	7.3345676769
1.348	7.3344665113
1.349	7.3343654641
1.35	7.3342645348
1.351	7.3341637235
1.352	7.33406303
1.353	7.3339624543
1.354	7.3338619961
1.355	7.3337616556
1.356	7.3336614322
1.357	7.3335613262
1.358	7.3334613372
1.359	7.3333614654
1.36	7.3332617103
1.361	7.3331620723
1.362	7.3330625506
1.363	7.3329631457
1.364	7.332863857
1.365	7.332764685
1.366	7.3326656289
1.367	7.3325666891
1.368	7.3324678649
1.369	7.3323691571
1.37	7.3322705646
1.371	7.3321720879
1.372	7.3320737267
1.373	7.331975481
1.374	7.3318773504
1.375	7.3317793352
1.376	7.3316814348
1.377	7.3315836496
1.378	7.331485979
1.379	7.3313884233
1.38	7.331290982
1.381	7.3311936554
1.382	7.331096443
1.383	7.3309993451
1.384	7.3309023611
1.385	7.3308054913
1.386	7.3307087352
1.387	7.3306120932
1.388	7.3305155647
1.389	7.3304191499
1.39	7.3303228485
1.391	7.3302266606
1.392	7.3301305857
1.393	7.3300346241
1.394	7.3299387754
1.395	7.3298430398
1.396	7.3297474168
1.397	7.3296519067
1.398	7.329556509
1.399	7.3294612239
1.4	7.329366051
1.401	7.3292709905
1.402	7.3291760419
1.403	7.3290812056
1.404	7.328986481
1.405	7.3288918684
1.406	7.3287973673
1.407	7.3287029779
1.408	7.3286086999
1.409	7.3285145332
1.41	7.3284204779
1.411	7.3283265335
1.412	7.3282327004
1.413	7.328138978
1.414	7.3280453666
1.415	7.3279518657
1.416	7.3278584756
1.417	7.3277651958
1.418	7.3276720265
1.419	7.3275789674
1.42	7.3274860185
1.421	7.3273931795
1.422	7.3273004506
1.423	7.3272078314
1.424	7.327115322
1.425	7.3270229221
1.426	7.3269306319
1.427	7.3268384509
1.428	7.3267463794
1.429	7.3266544168
1.43	7.3265625635
1.431	7.326470819
1.432	7.3263791835
1.433	7.3262876566
1.434	7.3261962385
1.435	7.3261049287
1.436	7.3260137276
1.437	7.3259226346
1.438	7.32583165
1.439	7.3257407733
1.44	7.3256500048
1.441	7.325559344
1.442	7.3254687911
1.443	7.3253783458
1.444	7.3252880082
1.445	7.3251977779
1.446	7.3251076552
1.447	7.3250176395
1.448	7.3249277311
1.449	7.3248379296
1.45	7.3247482353
1.451	7.3246586475
1.452	7.3245691667
1.453	7.3244797923
1.454	7.3243905247
1.455	7.3243013632
1.456	7.3242123083
1.457	7.3241233593
1.458	7.3240345166
1.459	7.3239457799
1.46	7.3238571491
1.461	7.323768624
1.462	7.3236802046
1.463	7.3235918908
1.464	7.3235036825
1.465	7.3234155794
1.466	7.3233275818
1.467	7.3232396892
1.468	7.3231519018
1.469	7.3230642192
1.47	7.3229766416
1.471	7.3228891686
1.472	7.3228018004
1.473	7.3227145366
1.474	7.3226273774
1.475	7.3225403223
1.476	7.3224533717
1.477	7.322366525
1.478	7.3222797826
1.479	7.3221931439
1.48	7.3221066092
1.481	7.322020178
1.482	7.3219338506
1.483	7.3218476266
1.484	7.3217615062
1.485	7.3216754889
1.486	7.321589575
1.487	7.3215037641
1.488	7.3214180563
1.489	7.3213324513
1.49	7.3212469493
1.491	7.3211615498
1.492	7.321076253
1.493	7.3209910587
1.494	7.3209059669
1.495	7.3208209772
1.496	7.3207360899
1.497	7.3206513045
1.498	7.3205666214
1.499	7.32048204
1.5	7.3203975606
1.501	7.3203131826
1.502	7.3202289065
1.503	7.3149147336
1.504	7.3063414508
1.505	7.2946528442
1.506	7.2799879623
1.507	7.2624812545
1.508	7.2422627079
1.509	7.2194579784
1.51	7.19418852
1.511	7.1665717084
1.512	7.1367209637
1.513	7.1047458665
1.514	7.0707522742
1.515	7.0348424307
1.516	6.9971150762
1.517	6.9576655505
1.518	6.9165858971
1.519	6.8739649607
1.52	6.8298884856
1.521	6.7844392072
1.522	6.7376969456
1.523	6.6897386919
1.524	6.640638696
1.525	6.5904685487
1.526	6.5392972643
1.527	6.4871913583
1.528	6.4342149253
1.529	6.3804297118
1.53	6.3258951908
1.531	6.2706686296
1.532	6.2148051605
1.533	6.1583578448
1.534	6.1013777396
1.535	6.0439139581
1.536	5.9860137323
1.537	5.9277224707
1.538	5.8690838162
1.539	5.8101397022
1.54	5.7509304055
1.541	5.6914946001
1.542	5.6318694071
1.543	5.5720904456
1.544	5.5121918788
1.545	5.4522064628
1.546	5.3921655902
1.547	5.3320993355
1.548	5.2720364965
1.549	5.2120046374
1.55	5.1520301268
1.551	5.0921381794
1.552	5.0323528916
1.553	4.9726972802
1.554	4.9131933164
1.555	4.8538619622
1.556	4.7947232024
1.557	4.735796079
1.558	4.6770987209
1.559	4.6186483768
1.56	4.5604614429
1.561	4.5025534939
1.562	4.4449393091
1.563	4.3876329015
1.564	4.3306475426
1.565	4.2739957895
1.566	4.2176895082
1.567	4.1617398995
1.568	4.1061575204
1.569	4.0509523088
1.57	3.9961336036
1.571	3.9417101678
1.572	3.8876902074
1.573	3.8340813932
1.574	3.7808908783
1.575	3.7281253194
1.576	3.6757908917
1.577	3.6238933107
1.578	3.5724378455
1.579	3.5214293379
1.58	3.4708722172
1.581	3.4207705169
1.582	3.3711278884
1.583	3.3219476173
1.584	3.2732326356
1.585	3.2249855377
1.586	3.1772085915
1.587	3.1299037534
1.588	3.0830726784
1.589	3.0367167346
1.59	2.9908370131
1.591	2.9454343403
1.592	2.900509288
1.593	2.8560621854
1.594	2.8120931274
1.595	2.7686019867
1.596	2.7255884213
1.597	2.6830518857
1.598	2.6409916381
1.599	2.5994067509
1.6	2.5582961172
1.601	2.517658461
1.602	2.4774923428
1.603	2.4377961695
1.604	2.3985681996
1.605	2.359806552
1.606	2.3215092116
1.607	2.2836740375
1.608	2.2462987668
1.609	2.2093810238
1.61	2.1729183235
1.611	2.1369080794
1.612	2.1013476068
1.613	2.0662341308
1.614	2.0315647888
1.615	1.9973366379
1.616	1.9635466577
1.617	1.9301917567
1.618	1.8972687751
1.619	1.864774491
1.62	1.8327056225
1.621	1.8010588339
1.622	1.7698307371
1.623	1.7390178982
1.624	1.7086168382
1.625	1.6786240388
1.626	1.649035944
1.627	1.6198489648
1.628	1.5910594809
1.629	1.562663845
1.63	1.534658384
1.631	1.5070394038
1.632	1.4798031898
1.633	1.4529460114
1.634	1.4264641225
1.635	1.400353766
1.636	1.3746111736
1.637	1.3492325704
1.638	1.3242141747
1.639	1.299552202
1.64	1.2752428651
1.641	1.2512823774
1.642	1.2276669535
1.643	1.2043928119
1.644	1.1814561751
1.645	1.1588532733
1.646	1.1365803433
1.647	1.1146336323
1.648	1.0930093971
1.649	1.0717039074
1.65	1.0507134449
1.651	1.0300343065
1.652	1.0096628033
1.653	0.9895952639
1.654	0.9698280331
1.655	0.950357475
1.656	0.9311799718
1.657	0.9122919266
1.658	0.8936897623
1.659	0.8753699244
1.66	0.8573288793
1.661	0.8395631178
1.662	0.8220691529
1.663	0.8048435224
1.664	0.7878827884
1.665	0.7711835387
1.666	0.7547423862
1.667	0.73855597
1.668	0.7226209563
1.669	0.7069340373
1.67	0.6914919336
1.671	0.6762913923
1.672	0.6613291895
1.673	0.6466021285
1.674	0.6321070422
1.675	0.617840791
1.676	0.6038002655
1.677	0.5899823841
1.678	0.5763840957
1.679	0.5630023778
1.68	0.549834238
1.681	0.5368767129
1.682	0.5241268698
1.683	0.5115818048
1.684	0.4992386447
1.685	0.4870945457
1.686	0.4751466946
1.687	0.463392307
1.688	0.4518286299
1.689	0.4404529391
1.69	0.4292625409
1.691	0.418254771
1.692	0.4074269958
1.693	0.3967766101
1.694	0.3863010398
1.695	0.375997739
1.696	0.3658641927
1.697	0.3558979139
1.698	0.346096446
1.699	0.3364573606
1.7	0.3269782594
1.701	0.3176567715
1.702	0.3084905563
1.703	0.2994773005
1.704	0.2906147201
1.705	0.2819005585
1.706	0.2733325881
1.707	0.2649086085
1.708	0.2566264471
1.709	0.2484839591
1.71	0.2404790271
1.711	0.2326095603
1.712	0.2248734954
1.713	0.2172687954
1.714	0.2097934501
1.715	0.2024454754
1.716	0.1952229138
1.717	0.1881238328
1.718	0.1811463266
1.719	0.1742885137
1.72	0.1675485391
1.721	0.1609245715
1.722	0.1544148055
1.723	0.1480174593
1.724	0.1417307762
1.725	0.1355530228
1.726	0.1294824904
1.727	0.1235174929
1.728	0.1176563688
1.729	0.1118974783
1.73	0.106239206
1.731	0.1006799578
1.732	0.0952181631
1.733	0.0898522725
1.734	0.0845807598
1.735	0.0794021192
1.736	0.0743148674
1.737	0.0693175415
1.738	0.0644087005
1.739	0.0595869233
1.74	0.0548508102
1.741	0.0501989809
1.742	0.045630076
1.743	0.0411427552
1.744	0.0367356985
1.745	0.0324076047
1.746	0.0281571922
1.747	0.0239831978
1.748	0.0198843777
1.749	0.0158595057
1.75	0.0119073747
1.751	0.0080267948
1.752	0.0042165946
1.753	0.0004756197
1.754	-0.0031972664
1.755	-0.0068031838
1.756	-0.0103432349
1.757	-0.013818506
1.758	-0.0172300664
1.759	-0.0205789699
1.76	-0.0238662531
1.761	-0.0270929382
1.762	-0.0302600303
1.763	-0.0333685203
1.764	-0.0364193827
1.765	-0.0394135782
1.766	-0.0423520516
1.767	-0.0452357338
1.768	-0.0480655407
1.769	-0.0508423747
1.77	-0.0535671232
1.771	-0.0562406607
1.772	-0.0588638475
1.773	-0.0614375301
1.774	-0.0639625426
1.775	-0.0664397056
1.776	-0.0688698263
1.777	-0.0712537001
1.778	-0.0735921087
1.779	-0.0758858226
1.78	-0.0781355991
1.781	-0.0803421842
1.782	-0.0825063114
1.783	-0.0846287031
1.784	-0.0867100698
1.785	-0.0887511107
1.786	-0.0907525137
1.787	-0.0927149561
1.788	-0.0946391034
1.789	-0.0965256122
1.79	-0.0983751259
1.791	-0.1001882801
1.792	-0.1019656981
1.793	-0.1037079944
1.794	-0.1054157732
1.795	-0.1070896284
1.796	-0.1087301451
1.797	-0.1103378978
1.798	-0.1119134532
1.799	-0.1134573666
1.8	-0.1149701864
1.801	-0.1164524505
1.802	-0.1179046889
1.803	-0.1193274221
1.804	-0.1207211627
1.805	-0.1220864147
1.806	-0.1234236736
1.807	-0.1247334269
1.808	-0.1260161539
1.809	-0.127272326
1.81	-0.1285024073
1.811	-0.1297068532
1.812	-0.1308861127
1.813	-0.132040626
1.814	-0.1331708274
1.815	-0.1342771428
1.816	-0.135359992
1.817	-0.1364197867
1.818	-0.1374569328
1.819	-0.1384718285
1.82	-0.139464866
1.821	-0.1404364304
1.822	-0.141386901
1.823	-0.1423166497
1.824	-0.1432260436
1.825	-0.1441154418
1.826	-0.1449851992
1.827	-0.1458356632
1.828	-0.1466671763
1.829	-0.1474800747
1.83	-0.1482746895
1.831	-0.149051345
1.832	-0.1498103616
1.833	-0.1505520527
1.834	-0.1512767277
1.835	-0.1519846897
1.836	-0.1526762376
1.837	-0.153351664
1.838	-0.1540112578
1.839	-0.1546553021
1.84	-0.1552840756
1.841	-0.1558978517
1.842	-0.1564969
1.843	-0.1570814845
1.844	-0.1576518656
1.845	-0.1582082982
1.846	-0.158751034
1.847	-0.1592803192
1.848	-0.1597963969
1.849	-0.1602995049
1.85	-0.1607898779
1.851	-0.1612677457
1.852	-0.1617333349
1.853	-0.1621868674
1.854	-0.1626285622
1.855	-0.1630586334
1.856	-0.1634772926
1.857	-0.1638847465
1.858	-0.1642811994
1.859	-0.1646668509
1.86	-0.1650418983
1.861	-0.1654065344
1.862	-0.1657609494
1.863	-0.1661053298
1.864	-0.1664398592
1.865	-0.1667647173
1.866	-0.1670800816
1.867	-0.1673861257
1.868	-0.1676830208
1.869	-0.1679709344
1.87	-0.168250032
1.871	-0.1685204751
1.872	-0.1687824235
1.873	-0.1690360331
1.874	-0.1692814581
1.875	-0.1695188491
1.876	-0.1697483548
1.877	-0.1699701206
1.878	-0.1701842899
1.879	-0.1703910032
1.88	-0.170590399
1.881	-0.1707826125
1.882	-0.1709677776
1.883	-0.1711460249
1.884	-0.1713174833
1.885	-0.171482279
1.886	-0.1716405365
1.887	-0.1717923773
1.888	-0.1719379217
1.889	-0.172077287
1.89	-0.1722105891
1.891	-0.1723379412
1.892	-0.1724594553
1.893	-0.1725752405
1.894	-0.1726854047
1.895	-0.1727900533
1.896	-0.1728892906
1.897	-0.172983218
1.898	-0.173071936
1.899	-0.1731555428
1.9	-0.1732341353
1.901	-0.1733078078
1.902	-0.1733766541
1.903	-0.1734407653
1.904	-0.1735002317
1.905	-0.173555141
1.906	-0.1736055805
1.907	-0.1736516348
1.908	-0.173693388
1.909	-0.1737309219
1.91	-0.1737643174
1.911	-0.1737936534
1.912	-0.173819008
1.913	-0.1738404571
1.914	-0.1738580765
1.915	-0.173871939
1.916	-0.1738821176
1.917	-0.1738886827
1.918	-0.1738917048
1.919	-0.1738912516
1.92	-0.1738873911
1.921	-0.1738801889
1.922	-0.1738697099
1.923	-0.173856018
1.924	-0.1738391752
1.925	-0.1738192438
1.926	-0.1737962831
1.927	-0.1737703531
1.928	-0.1737415113
1.929	-0.1737098153
1.93	-0.1736753207
1.931	-0.173638083
1.932	-0.1735981557
1.933	-0.1735555923
1.934	-0.1735104444
1.935	-0.1734627638
1.936	-0.1734126
1.937	-0.1733600028
1.938	-0.1733050202
1.939	-0.1732477002
1.94	-0.1731880889
1.941	-0.1731262327
1.942	-0.1730621759
1.943	-0.1729959633
1.944	-0.1729276376
1.945	-0.172857242
1.946	-0.1727848176
1.947	-0.172710406
1.948	-0.172634047
1.949	-0.1725557805
1.95	-0.1724756449
1.951	-0.1723936787
1.952	-0.172309919
1.953	-0.1722244028
1.954	-0.1721371656
1.955	-0.1720482433
1.956	-0.1719576702
1.957	-0.1718654809
1.958	-0.1717717084
1.959	-0.1716763858
1.96	-0.1715795451
1.961	-0.1714812182
1.962	-0.1713814359
1.963	-0.1712802289
1.964	-0.1711776271
1.965	-0.1710736599
1.966	-0.1709683558
1.967	-0.1708617437
1.968	-0.1707538509
1.969	-0.170644705
1.97	-0.1705343324
1.971	-0.1704227596
1.972	-0.1703100124
1.973	-0.1701961161
1.974	-0.1700810953
1.975	-0.1699649749
1.976	-0.1698477782
1.977	-0.1697295292
1.978	-0.1696102505
1.979	-0.1694899652
1.98	-0.169368695
1.981	-0.1692464623
1.982	-0.1691232877
1.983	-0.168999193
1.984	-0.1688741981
1.985	-0.1687483238
1.986	-0.1686215894
1.987	-0.1684940149
1.988	-0.1683656189
1.989	-0.1682364206
1.99	-0.1681064379
1.991	-0.1679756894
1.992	-0.1678441923
1.993	-0.1677119645
1.994	-0.1675790226
1.995	-0.1674453838
1.996	-0.1673110639
1.997	-0.1671760798
1.998	-0.1670404466
1.999	-0.1669041804
2	-0.1667672959
2.001	-0.1666298085
2.002	-0.1664917329
2.003	-0.1809970684
2.004	-0.2046276757
2.005	-0.2369809927
2.006	-0.2776677232
2.007	-0.3263114441
2.008	-0.3825482271
2.009	-0.446026267
2.01	-0.5164055245
2.011	-0.5933573747
2.012	-0.6765642705
2.013	-0.7657194103
2.014	-0.8605264188
2.015	-0.960699034
2.016	-1.0659608068
2.017	-1.1760448039
2.018	-1.2906933233
2.019	-1.4096576156
2.02	-1.5326976153
2.021	-1.6595816761
2.022	-1.7900863178
2.023	-1.9239959766
2.024	-2.0611027664
2.025	-2.201206243
2.026	-2.3441131775
2.027	-2.4896373347
2.028	-2.6375992603
2.029	-2.7878260698
2.03	-2.9401512482
2.031	-3.0944144513
2.032	-3.2504613168
2.033	-3.4081432761
2.034	-3.567317376
2.035	-3.7278461016
2.036	-3.8895972086
2.037	-4.0524435555
2.038	-4.2162629446
2.039	-4.3809379652
2.04	-4.5463558433
2.041	-4.7124082938
2.042	-4.8789913775
2.043	-5.0460053629
2.044	-5.2133545922
2.045	-5.3809473491
2.046	-5.5486957333
2.047	-5.716515536
2.048	-5.884326122
2.049	-6.052050312
2.05	-6.2196142705
2.051	-6.3869473968
2.052	-6.5539822173
2.053	-6.7206542851
2.054	-6.8869020771
2.055	-7.0526668988
2.056	-7.2178927888
2.057	-7.3825264291
2.058	-7.5465170543
2.059	-7.7098163669
2.06	-7.8723784529
2.061	-8.0341597023
2.062	-8.1951187283
2.063	-8.3552162929
2.064	-8.5144152313
2.065	-8.672680382
2.066	-8.8299785156
2.067	-8.9862782682
2.068	-9.1415500746
2.069	-9.2957661077
2.07	-9.4489002135
2.071	-9.6009278537
2.072	-9.7518260465
2.073	-9.9015733121
2.074	-10.0501496165
2.075	-10.1975363199
2.076	-10.343716125
2.077	-10.4886730284
2.078	-10.6323922713
2.079	-10.7748602944
2.08	-10.9160646909
2.081	-11.0559941655
2.082	-11.1946384895
2.083	-11.3319884615
2.084	-11.4680358666
2.085	-11.6027734394
2.086	-11.7361948249
2.087	-11.8682945441
2.088	-11.9990679573
2.089	-12.1285112333
2.09	-12.2566213126
2.091	-12.3833958792
2.092	-12.5088333277
2.093	-12.6329327355
2.094	-12.7556938322
2.095	-12.8771169733
2.096	-12.9972031117
2.097	-13.1159537743
2.098	-13.2333710336
2.099	-13.3494574861
2.1	-13.4642162266
2.101	-13.5776508278
2.102	-13.6897653157
2.103	-13.8005641508
2.104	-13.910052205
2.105	-14.0182347445
2.106	-14.1251174083
2.107	-14.2307061909
2.108	-14.3350074235
2.109	-14.4380277584
2.11	-14.5397741501
2.111	-14.6402538405
2.112	-14.7394743427
2.113	-14.837443427
2.114	-14.9341691051
2.115	-15.029659617
2.116	-15.1239234164
2.117	-15.2169691597
2.118	-15.3088056912
2.119	-15.3994420324
2.12	-15.4888873692
2.121	-15.5771510425
2.122	-15.6642425354
2.123	-15.7501714636
2.124	-15.8349475652
2.125	-15.9185806918
2.126	-16.0010807976
2.127	-16.0824579322
2.128	-16.1627222298
2.129	-16.2418839037
2.13	-16.3199532358
2.131	-16.3969405704
2.132	-16.4728563057
2.133	-16.5477108882
2.134	-16.6215148046
2.135	-16.6942785761
2.136	-16.7660127509
2.137	-16.8367279
2.138	-16.9064346101
2.139	-16.9751434786
2.14	-17.0428651077
2.141	-17.1096101004
2.142	-17.1753890547
2.143	-17.2402125595
2.144	-17.3040911892
2.145	-17.3670355014
2.146	-17.4290560309
2.147	-17.4901632865
2.148	-17.5503677474
2.149	-17.60967986
2.15	-17.6681100339
2.151	-17.7256686391
2.152	-17.7823660022
2.153	-17.8382124051
2.154	-17.8932180807
2.155	-17.9473932111
2.156	-18.0007479243
2.157	-18.0532922933
2.158	-18.1050363325
2.159	-18.1559899963
2.16	-18.2061631762
2.161	-18.2555657012
2.162	-18.3042073329
2.163	-18.3520977666
2.164	-18.3992466274
2.165	-18.4456634712
2.166	-18.4913577814
2.167	-18.5363389682
2.168	-18.5806163674
2.169	-18.6241992402
2.17	-18.6670967704
2.171	-18.7093180653
2.172	-18.7508721529
2.173	-18.7917679834
2.174	-18.8320144266
2.175	-18.8716202722
2.176	-18.9105942278
2.177	-18.9489449216
2.178	-18.9866808979
2.179	-19.0238106195
2.18	-19.0603424665
2.181	-19.0962847352
2.182	-19.1316456397
2.183	-19.1664333097
2.184	-19.2006557918
2.185	-19.234321048
2.186	-19.2674369576
2.187	-19.3000113152
2.188	-19.3320518319
2.189	-19.3635661345
2.19	-19.3945617666
2.191	-19.4250461884
2.192	-19.4550267759
2.193	-19.4845108219
2.194	-19.5135055368
2.195	-19.5420180479
2.196	-19.5700553997
2.197	-19.5976245544
2.198	-19.6247323928
2.199	-19.6513857137
2.2	-19.6775912351
2.201	-19.7033555929
2.202	-19.7286853445
2.203	-19.7535869663
2.204	-19.7780668549
2.205	-19.8021313283
2.206	-19.8257866258
2.207	-19.8490389086
2.208	-19.8718942602
2.209	-19.8943586872
2.21	-19.9164381195
2.211	-19.9381384114
2.212	-19.9594653414
2.213	-19.980424613
2.214	-20.001021856
2.215	-20.0212626262
2.216	-20.0411524064
2.217	-20.0606966067
2.218	-20.0799005662
2.219	-20.0987695508
2.22	-20.1173087583
2.221	-20.1355233148
2.222	-20.1534182778
2.223	-20.1709986357
2.224	-20.1882693091
2.225	-20.2052351511
2.226	-20.2219009482
2.227	-20.2382714206
2.228	-20.2543512232
2.229	-20.2701449456
2.23	-20.2856571145
2.231	-20.3008921918
2.232	-20.3158545776
2.233	-20.3305486088
2.234	-20.3449785622
2.235	-20.3591486526
2.236	-20.3730630355
2.237	-20.3867258059
2.238	-20.4001410012
2.239	-20.4133125998
2.24	-20.4262445229
2.241	-20.4389406346
2.242	-20.4514047433
2.243	-20.4636406013
2.244	-20.4756519064
2.245	-20.4874423017
2.246	-20.4990153773
2.247	-20.51037467
2.248	-20.5215236642
2.249	-20.5324657925
2.25	-20.543204437
2.251	-20.5537429288
2.252	-20.5640845496
2.253	-20.5742325313
2.254	-20.584190058
2.255	-20.5939602655
2.256	-20.6035462421
2.257	-20.6129510293
2.258	-20.6221776229
2.259	-20.6312289727
2.26	-20.640107984
2.261	-20.6488175168
2.262	-20.6573603886
2.263	-20.6657393727
2.264	-20.6739572001
2.265	-20.6820165595
2.266	-20.6899200985
2.267	-20.6976704234
2.268	-20.7052701002
2.269	-20.7127216549
2.27	-20.7200275744
2.271	-20.7271903066
2.272	-20.7342122614
2.273	-20.7410958105
2.274	-20.7478432891
2.275	-20.754456995
2.276	-20.7609391904
2.277	-20.767292101
2.278	-20.7735179185
2.279	-20.779618799
2.28	-20.7855968648
2.281	-20.7914542041
2.282	-20.7971928726
2.283	-20.8028148926
2.284	-20.8083222543
2.285	-20.8137169159
2.286	-20.8190008049
2.287	-20.8241758172
2.288	-20.8292438185
2.289	-20.8342066441
2.29	-20.8390661007
2.291	-20.8438239649
2.292	-20.848481985
2.293	-20.8530418806
2.294	-20.8575053441
2.295	-20.86187404
2.296	-20.8661496058
2.297	-20.8703336519
2.298	-20.8744277636
2.299	-20.8784334992
2.3	-20.882352392
2.301	-20.8861859501
2.302	-20.889935657
2.303	-20.8936029718
2.304	-20.8971893295
2.305	-20.9006961415
2.306	-20.9041247963
2.307	-20.9074766591
2.308	-20.9107530725
2.309	-20.9139553575
2.31	-20.9170848122
2.311	-20.9201427144
2.312	-20.9231303197
2.313	-20.9260488633
2.314	-20.9288995596
2.315	-20.9316836033
2.316	-20.9344021686
2.317	-20.9370564104
2.318	-20.939647464
2.319	-20.9421764461
2.32	-20.9446444546
2.321	-20.9470525689
2.322	-20.94940185
2.323	-20.9516933416
2.324	-20.9539280697
2.325	-20.9561070429
2.326	-20.9582312526
2.327	-20.9603016738
2.328	-20.9623192651
2.329	-20.9642849689
2.33	-20.9661997108
2.331	-20.9680644021
2.332	-20.9698799377
2.333	-20.9716471975
2.334	-20.9733670466
2.335	-20.9750403354
2.336	-20.9766678995
2.337	-20.9782505608
2.338	-20.9797891263
2.339	-20.9812843906
2.34	-20.9827371334
2.341	-20.9841481218
2.342	-20.9855181093
2.343	-20.9868478371
2.344	-20.9881380333
2.345	-20.9893894134
2.346	-20.9906026808
2.347	-20.9917785269
2.348	-20.9929176311
2.349	-20.9940206611
2.35	-20.9950882728
2.351	-20.9961211114
2.352	-20.9971198105
2.353	-20.998084993
2.354	-20.9990172708
2.355	-20.9999172453
2.356	-21.0007855079
2.357	-21.0016226389
2.358	-21.0024292091
2.359	-21.0032057796
2.36	-21.0039529012
2.361	-21.0046711156
2.362	-21.0053609545
2.363	-21.006022941
2.364	-21.0066575889
2.365	-21.0072654026
2.366	-21.0078468783
2.367	-21.0084025032
2.368	-21.008932756
2.369	-21.0094381073
2.37	-21.0099190189
2.371	-21.0103759453
2.372	-21.0108093323
2.373	-21.0112196183
2.374	-21.0116072338
2.375	-21.0119726021
2.376	-21.0123161386
2.377	-21.0126382522
2.378	-21.0129393424
2.379	-21.0132198049
2.38	-21.0134800264
2.381	-21.0137203869
2.382	-21.0139412602
2.383	-21.0141430132
2.384	-21.0143260066
2.385	-21.0144905943
2.386	-21.0146371242
2.387	-21.0147659382
2.388	-21.0148773719
2.389	-21.0149717551
2.39	-21.0150494114
2.391	-21.0151106593
2.392	-21.015155811
2.393	-21.0151851736
2.394	-21.0151990485
2.395	-21.015197732
2.396	-21.0151815147
2.397	-21.0151506825
2.398	-21.0151055158
2.399	-21.0150462903
2.4	-21.0149732768
2.401	-21.0148867409
2.402	-21.0147869438
2.403	-21.014674142
2.404	-21.0145485873
2.405	-21.0144105272
2.406	-21.0142602041
2.407	-21.0140978571
2.408	-21.0139237204
2.409	-21.0137380241
2.41	-21.013540994
2.411	-21.0133328522
2.412	-21.0131138165
2.413	-21.0128841012
2.414	-21.0126439159
2.415	-21.0123934676
2.416	-21.0121329587
2.417	-21.0118625884
2.418	-21.0115825518
2.419	-21.0112930412
2.42	-21.0109942448
2.421	-21.010686348
2.422	-21.0103695321
2.423	-21.0100439759
2.424	-21.0097098544
2.425	-21.0093673397
2.426	-21.0090166008
2.427	-21.0086578037
2.428	-21.008291111
2.429	-21.0079166828
2.43	-21.0075346761
2.431	-21.0071452452
2.432	-21.0067485413
2.433	-21.0063447131
2.434	-21.0059339068
2.435	-21.0055162652
2.436	-21.0050919295
2.437	-21.0046610375
2.438	-21.0042237248
2.439	-21.0037801249
2.44	-21.0033303682
2.441	-21.0028745831
2.442	-21.0024128957
2.443	-21.0019454295
2.444	-21.0014723062
2.445	-21.0009936449
2.446	-21.0005095628
2.447	-21.0000201745
2.448	-20.9995255931
2.449	-20.9990259293
2.45	-20.9985212918
2.451	-20.9980117872
2.452	-20.9974975205
2.453	-20.9969785944
2.454	-20.9964551101
2.455	-20.9959271663
2.456	-20.9953948607
2.457	-20.9948582887
2.458	-20.994317544
2.459	-20.9937727187
2.46	-20.9932239031
2.461	-20.992671186
2.462	-20.9921146543
2.463	-20.9915543935
2.464	-20.9909904875
2.465	-20.9904230187
2.466	-20.9898520678
2.467	-20.9892777141
2.468	-20.9887000356
2.469	-20.9881191087
2.47	-20.9875350083
2.471	-20.986947808
2.472	-20.9863575802
2.473	-20.9857643958
2.474	-20.9851683244
2.475	-20.9845694343
2.476	-20.9839677925
2.477	-20.983363465
2.478	-20.9827565161
2.479	-20.9821470095
2.48	-20.9815350074
2.481	-20.9809205706
2.482	-20.9803037593
2.483	-20.9796846321
2.484	-20.9790632469
2.485	-20.9784396603
2.486	-20.9778139279
2.487	-20.9771861043
2.488	-20.9765562428
2.489	-20.9759243963
2.49	-20.9752906162
2.491	-20.974654953
2.492	-20.9740174565
2.493	-20.9733781755
2.494	-20.9727371576
2.495	-20.9720944499
2.496	-20.9714500984
2.497	-20.9708041483
2.498	-20.9701566439
2.499	-20.9695076286
2.5	-20.9688571455
2.501	-20.9682052361
2.502	-20.9675519416
2.503	-20.9522534459
2.504	-20.9278278832
2.505	-20.8946778572
2.506	-20.8531927076
2.507	-20.8037488986
2.508	-20.7467104022
2.509	-20.6824290647
2.51	-20.6112449685
2.511	-20.5334867793
2.512	-20.4494720866
2.513	-20.3595077331
2.514	-20.2638901359
2.515	-20.1629055968
2.516	-20.0568306067
2.517	-19.9459321385
2.518	-19.8304679344
2.519	-19.710686783
2.52	-19.5868287895
2.521	-19.4591256389
2.522	-19.3278008499
2.523	-19.1930700239
2.524	-19.055141085
2.525	-18.9142145147
2.526	-18.7704835785
2.527	-18.6241345473
2.528	-18.4753469121
2.529	-18.3242935923
2.53	-18.171141138
2.531	-18.0160499274
2.532	-17.8591743572
2.533	-17.7006630292
2.534	-17.5406589297
2.535	-17.3792996056
2.536	-17.2167173339
2.537	-17.0530392872
2.538	-16.8883876943
2.539	-16.7228799961
2.54	-16.5566289968
2.541	-16.3897430112
2.542	-16.2223260073
2.543	-16.0544777449
2.544	-15.88629391
2.545	-15.717866247
2.546	-15.5492826825
2.547	-15.3806274518
2.548	-15.2119812167
2.549	-15.0434211818
2.55	-14.8750212077
2.551	-14.70685192
2.552	-14.5389808159
2.553	-14.3714723666
2.554	-14.2043881181
2.555	-14.0377867879
2.556	-13.8717243593
2.557	-13.7062541726
2.558	-13.5414270147
2.559	-13.3772912038
2.56	-13.2138926741
2.561	-13.0512750565
2.562	-12.889479757
2.563	-12.7285460332
2.564	-12.5685110682
2.565	-12.4094100425
2.566	-12.2512762032
2.567	-12.0941409322
2.568	-11.9380338111
2.569	-11.7829826848
2.57	-11.6290137234
2.571	-11.4761514813
2.572	-11.3244189557
2.573	-11.1738376422
2.574	-11.0244275895
2.575	-10.8762074523
2.576	-10.7291945416
2.577	-10.5834048754
2.578	-10.4388532254
2.579	-10.295553165
2.58	-10.153517113
2.581	-10.012756378
2.582	-9.8732812005
2.583	-9.7351007942
2.584	-9.5982233852
2.585	-9.4626562508
2.586	-9.3284057568
2.587	-9.195477393
2.588	-9.063875809
2.589	-8.9336048474
2.59	-8.8046675767
2.591	-8.6770663228
2.592	-8.5508027003
2.593	-8.4258776412
2.594	-8.3022914245
2.595	-8.1800437036
2.596	-8.0591335334
2.597	-7.939559396
2.598	-7.821319226
2.599	-7.7044104351
2.6	-7.5888299353
2.601	-7.4745741619
2.602	-7.361639095
2.603	-7.2500202819
2.604	-7.1397128561
2.605	-7.0307115586
2.606	-6.9230107563
2.607	-6.8166044608
2.608	-6.7114863461
2.609	-6.6076497662
2.61	-6.5050877717
2.611	-6.4037931261
2.612	-6.3037583207
2.613	-6.2049755908
2.614	-6.107436929
2.615	-6.0111341002
2.616	-5.9160586545
2.617	-5.8222019403
2.618	-5.7295551171
2.619	-5.6381091675
2.62	-5.5478549088
2.621	-5.4587830044
2.622	-5.3708839746
2.623	-5.2841482067
2.624	-5.1985659658
2.625	-5.1141274039
2.626	-5.0308225693
2.627	-4.9486414157
2.628	-4.867573811
2.629	-4.7876095449
2.63	-4.708738338
2.631	-4.6309498485
2.632	-4.55423368
2.633	-4.4785793885
2.634	-4.4039764893
2.635	-4.3304144635
2.636	-4.257882764
2.637	-4.1863708222
2.638	-4.1158680528
2.639	-4.0463638604
2.64	-3.9778476435
2.641	-3.9103088014
2.642	-3.8437367368
2.643	-3.7781208625
2.644	-3.7134506047
2.645	-3.6497154075
2.646	-3.5869047369
2.647	-3.5250080851
2.648	-3.4640149734
2.649	-3.4039149567
2.65	-3.344697626
2.651	-3.2863526121
2.652	-3.2288695885
2.653	-3.1722382745
2.654	-3.1164484374
2.655	-3.0614898957
2.656	-3.0073525214
2.657	-2.9540262423
2.658	-2.9015010441
2.659	-2.8497669728
2.66	-2.7988141364
2.661	-2.748632707
2.662	-2.6992129225
2.663	-2.6505450881
2.664	-2.602619578
2.665	-2.5554268368
2.666	-2.5089573811
2.667	-2.4632018004
2.668	-2.4181507584
2.669	-2.3737949945
2.67	-2.3301253241
2.671	-2.2871326399
2.672	-2.2448079133
2.673	-2.203142194
2.674	-2.1621266121
2.675	-2.1217523775
2.676	-2.0820107812
2.677	-2.042893196
2.678	-2.0043910763
2.679	-1.966495959
2.68	-1.9291994636
2.681	-1.892493293
2.682	-1.856369233
2.683	-1.8208191529
2.684	-1.785835006
2.685	-1.751408829
2.686	-1.7175327425
2.687	-1.6841989512
2.688	-1.6513997433
2.689	-1.619127491
2.69	-1.5873746504
2.691	-1.5561337606
2.692	-1.5253974448
2.693	-1.4951584091
2.694	-1.4654094428
2.695	-1.4361434179
2.696	-1.4073532889
2.697	-1.3790320926
2.698	-1.3511729479
2.699	-1.3237690548
2.7	-1.2968136951
2.701	-1.2703002309
2.702	-1.2442221051
2.703	-1.2185728401
2.704	-1.1933460383
2.705	-1.1685353811
2.706	-1.1441346281
2.707	-1.1201376175
2.708	-1.0965382647
2.709	-1.0733305623
2.71	-1.0505085796
2.711	-1.0280664614
2.712	-1.0059984284
2.713	-0.9842987759
2.714	-0.9629618734
2.715	-0.9419821643
2.716	-0.9213541648
2.717	-0.9010724639
2.718	-0.8811317221
2.719	-0.8615266713
2.72	-0.8422521142
2.721	-0.8233029229
2.722	-0.8046740395
2.723	-0.7863604745
2.724	-0.7683573064
2.725	-0.7506596813
2.726	-0.7332628116
2.727	-0.7161619764
2.728	-0.6993525199
2.729	-0.6828298512
2.73	-0.6665894434
2.731	-0.6506268331
2.732	-0.6349376198
2.733	-0.619517465
2.734	-0.6043620918
2.735	-0.589467284
2.736	-0.5748288856
2.737	-0.5604428001
2.738	-0.5463049899
2.739	-0.5324114754
2.74	-0.5187583345
2.741	-0.5053417022
2.742	-0.4921577694
2.743	-0.4792027829
2.744	-0.466473044
2.745	-0.4539649086
2.746	-0.4416747859
2.747	-0.4295991383
2.748	-0.4177344805
2.749	-0.4060773788
2.75	-0.3946244507
2.751	-0.383372364
2.752	-0.3723178363
2.753	-0.3614576345
2.754	-0.3507885741
2.755	-0.3403075185
2.756	-0.3300113784
2.757	-0.3198971113
2.758	-0.3099617209
2.759	-0.3002022565
2.76	-0.2906158122
2.761	-0.2811995266
2.762	-0.2719505821
2.763	-0.2628662044
2.764	-0.2539436615
2.765	-0.2451802641
2.766	-0.2365733638
2.767	-0.2281203535
2.768	-0.2198186665
2.769	-0.211665776
2.77	-0.2036591945
2.771	-0.195796473
2.772	-0.1880752013
2.773	-0.1804930064
2.774	-0.173047553
2.775	-0.1657365421
2.776	-0.1585577112
2.777	-0.1515088331
2.778	-0.1445877163
2.779	-0.1377922034
2.78	-0.1311201718
2.781	-0.124569532
2.782	-0.1181382284
2.783	-0.1118242374
2.784	-0.1056255684
2.785	-0.0995402621
2.786	-0.0935663909
2.787	-0.0877020579
2.788	-0.0819453969
2.789	-0.0762945715
2.79	-0.0707477748
2.791	-0.0653032295
2.792	-0.0599591866
2.793	-0.0547139256
2.794	-0.0495657537
2.795	-0.0445130058
2.796	-0.0395540438
2.797	-0.0346872561
2.798	-0.0299110576
2.799	-0.0252238889
2.8	-0.0206242161
2.801	-0.0161105306
2.802	-0.0116813482
2.803	-0.0073352093
2.804	-0.0030706782
2.805	0.0011136571
2.806	0.0052191856
2.807	0.0092472731
2.808	0.013199263
2.809	0.0170764764
2.81	0.0208802127
2.811	0.0246117496
2.812	0.0282723436
2.813	0.0318632305
2.814	0.0353856252
2.815	0.0388407228
2.816	0.0422296983
2.817	0.0455537069
2.818	0.0488138848
2.819	0.0520113491
2.82	0.055147198
2.821	0.0582225116
2.822	0.0612383516
2.823	0.0641957622
2.824	0.0670957697
2.825	0.0699393832
2.826	0.072727595
2.827	0.0754613804
2.828	0.0781416985
2.829	0.080769492
2.83	0.0833456876
2.831	0.0858711966
2.832	0.0883469145
2.833	0.0907737218
2.834	0.0931524841
2.835	0.0954840521
2.836	0.0977692622
2.837	0.1000089364
2.838	0.1022038829
2.839	0.1043548958
2.84	0.106462756
2.841	0.1085282308
2.842	0.1105520744
2.843	0.1125350282
2.844	0.1144778208
2.845	0.1163811684
2.846	0.1182457747
2.847	0.1200723316
2.848	0.1218615189
2.849	0.1236140047
2.85	0.1253304456
2.851	0.1270114871
2.852	0.1286577633
2.853	0.1302698974
2.854	0.131848502
2.855	0.1333941788
2.856	0.1349075193
2.857	0.136389105
2.858	0.1378395066
2.859	0.1392592858
2.86	0.1406489938
2.861	0.1420091726
2.862	0.1433403546
2.863	0.1446430632
2.864	0.1459178124
2.865	0.1471651076
2.866	0.1483854448
2.867	0.1495793119
2.868	0.1507471882
2.869	0.1518895442
2.87	0.1530068427
2.871	0.1540995381
2.872	0.155168077
2.873	0.1562128981
2.874	0.1572344323
2.875	0.1582331032
2.876	0.1592093267
2.877	0.1601635115
2.878	0.1610960592
2.879	0.1620073643
2.88	0.1628978142
2.881	0.1637677898
2.882	0.1646176648
2.883	0.1654478067
2.884	0.1662585764
2.885	0.1670503286
2.886	0.1678234114
2.887	0.1685781669
2.888	0.1693149312
2.889	0.1700340344
2.89	0.1707358009
2.891	0.171420549
2.892	0.1720885918
2.893	0.1727402364
2.894	0.1733757847
2.895	0.1739955334
2.896	0.1745997736
2.897	0.1751887913
2.898	0.1757628676
2.899	0.1763222783
2.9	0.1768672946
2.901	0.1773981827
2.902	0.1779152039
2.903	0.1784186152
2.904	0.1789086688
2.905	0.1793856124
2.906	0.1798496891
2.907	0.1803011381
2.908	0.180740194
2.909	0.1811670871
2.91	0.1815820439
2.911	0.1819852867
2.912	0.1823770338
2.913	0.1827574995
2.914	0.1831268942
2.915	0.1834854249
2.916	0.1838332946
2.917	0.1841707025
2.918	0.1844978447
2.919	0.1848149133
2.92	0.185122097
2.921	0.1854195815
2.922	0.1857075487
2.923	0.1859861774
2.924	0.1862556432
2.925	0.1865161187
2.926	0.1867677729
2.927	0.1870107722
2.928	0.1872452797
2.929	0.1874714558
2.93	0.1876894578
2.931	0.1878994404
2.932	0.1881015552
2.933	0.1882959511
2.934	0.1884827745
2.935	0.1886621692
2.936	0.188834276
2.937	0.1889992334
2.938	0.1891571774
2.939	0.1893082416
2.94	0.1894525569
2.941	0.189590252
2.942	0.1897214534
2.943	0.1898462849
2.944	0.1899648686
2.945	0.1900773238
2.946	0.190183768
2.947	0.1902843165
2.948	0.1903790823
2.949	0.1904681767
2.95	0.1905517086
2.951	0.1906297852
2.952	0.1907025114
2.953	0.1907699906
2.954	0.1908323241
2.955	0.1908896112
2.956	0.1909419497
2.957	0.1909894354
2.958	0.1910321623
2.959	0.191070223
2.96	0.191103708
2.961	0.1911327063
2.962	0.1911573054
2.963	0.191177591
2.964	0.1911936473
2.965	0.191205557
2.966	0.1912134013
2.967	0.1912172599
2.968	0.1912172107
2.969	0.1912133307
2.97	0.1912056952
2.971	0.1911943782
2.972	0.1911794521
2.973	0.1911609884
2.974	0.1911390568
2.975	0.1911137262
2.976	0.1910850638
2.977	0.1910531358
2.978	0.1910180071
2.979	0.1909797416
2.98	0.1909384016
2.981	0.1908940485
2.982	0.1908467429
2.983	0.1907965435
2.984	0.1907435086
2.985	0.1906876952
2.986	0.1906291591
2.987	0.1905679552
2.988	0.1905041375
2.989	0.1904377587
2.99	0.1903688708
2.991	0.1902975247
2.992	0.1902237703
2.993	0.1901476568
2.994	0.1900692323
2.995	0.189988544
2.996	0.1899056383
2.997	0.1898205607
2.998	0.1897333559
2.999	0.1896440677
3	0.1895527391

