0	0
0.001	0
0.002	0
0.003	0
0.004	0
0.005	0
0.006	0
0.007	0
0.008	0
0.009	0
0.01	0
0.011	0
0.012	0
0.013	0
0.014	0
0.015	0
0.016	0
0.017	0
0.018	0
0.019	0
0.02	0
0.021	0
0.022	0
0.023	0
0.024	0
0.025	0
0.026	0
0.027	0
0.028	0
0.029	0
0.03	0
0.031	0
0.032	0
0.033	0
0.034	0
0.035	0
0.036	0
0.037	0
0.038	0
0.039	0
0.04	0
0.041	0
0.042	0
0.043	0
0.044	0
0.045	0
0.046	0
0.047	0
0.048	0
0.049	0
0.05	0
0.051	0
0.052	0
0.053	0
0.054	0
0.055	0
0.056	0
0.057	0
0.058	0
0.059	0
0.06	0
0.061	0
0.062	0
0.063	0
0.064	0
0.065	0
0.066	0
0.067	0
0.068	0
0.069	0
0.07	0
0.071	0
0.072	0
0.073	0
0.074	0
0.075	0
0.076	0
0.077	0
0.078	0
0.079	0
0.08	0
0.081	0
0.082	0
0.083	0
0.084	0
0.085	0
0.086	0
0.087	0
0.088	0
0.089	0
0.09	0
0.091	0
0.092	0
0.093	0
0.094	0
0.095	0
0.096	0
0.097	0
0.098	0
0.099	0
0.1	0
0.101	0
0.102	0
0.103	4.36E-018
0.104	-2.74E-012
0.105	-4.92E-011
0.106	-2.93E-010
0.107	-1.10E-009
0.108	-3.19E-009
0.109	-7.74E-009
0.11	-1.66E-008
0.111	-3.25E-008
0.112	-5.91E-008
0.113	-1.01E-007
0.114	-1.65E-007
0.115	-2.59E-007
0.116	-3.91E-007
0.117	-5.75E-007
0.118	-8.23E-007
0.119	-1.15E-006
0.12	-1.58E-006
0.121	-2.12E-006
0.122	-2.82E-006
0.123	-3.68E-006
0.124	-4.74E-006
0.125	-6.03E-006
0.126	-7.60E-006
0.127	-9.47E-006
0.128	-1.17E-005
0.129	-1.43E-005
0.13	-1.74E-005
0.131	-2.10E-005
0.132	-2.51E-005
0.133	-2.99E-005
0.134	-3.53E-005
0.135	-4.16E-005
0.136	-4.86E-005
0.137	-5.66E-005
0.138	-6.55E-005
0.139	-7.55E-005
0.14	-8.67E-005
0.141	-9.91E-005
0.142	-0.0001128938
0.143	-0.000128123
0.144	-0.0001449047
0.145	-0.0001633456
0.146	-0.0001835559
0.147	-0.0002056492
0.148	-0.0002297426
0.149	-0.0002559563
0.15	-0.0002844138
0.151	-0.0003152417
0.152	-0.0003485695
0.153	-0.0003845299
0.154	-0.0004232582
0.155	-0.0004648924
0.156	-0.0005095735
0.157	-0.0005574445
0.158	-0.0006086514
0.159	-0.000663342
0.16	-0.0007216667
0.161	-0.0007837779
0.162	-0.00084983
0.163	-0.0009199792
0.164	-0.0009943837
0.165	-0.0010732032
0.166	-0.0011565993
0.167	-0.0012447345
0.168	-0.0013377734
0.169	-0.0014358812
0.17	-0.0015392246
0.171	-0.0016479715
0.172	-0.0017622903
0.173	-0.0018823507
0.174	-0.0020083229
0.175	-0.002140378
0.176	-0.0022786873
0.177	-0.0024234228
0.178	-0.002574757
0.179	-0.0027328624
0.18	-0.002897912
0.181	-0.0030700785
0.182	-0.0032495352
0.183	-0.0034364547
0.184	-0.0036310101
0.185	-0.0038333737
0.186	-0.0040437179
0.187	-0.0042622147
0.188	-0.0044890354
0.189	-0.0047243512
0.19	-0.0049683323
0.191	-0.0052211485
0.192	-0.0054829689
0.193	-0.0057539618
0.194	-0.0060342946
0.195	-0.0063241339
0.196	-0.0066236454
0.197	-0.0069329938
0.198	-0.0072523426
0.199	-0.0075818545
0.2	-0.0079216907
0.201	-0.0082720117
0.202	-0.0086329764
0.203	-0.0090047425
0.204	-0.0093874666
0.205	-0.0097813037
0.206	-0.0101864077
0.207	-0.010602931
0.208	-0.0110310244
0.209	-0.0114708376
0.21	-0.0119225184
0.211	-0.0123862135
0.212	-0.0128620678
0.213	-0.0133502247
0.214	-0.0138508261
0.215	-0.0143640122
0.216	-0.0148899218
0.217	-0.0154286918
0.218	-0.0159804576
0.219	-0.0165453531
0.22	-0.0171235102
0.221	-0.0177150594
0.222	-0.0183201294
0.223	-0.0189388473
0.224	-0.0195713385
0.225	-0.0202177265
0.226	-0.0208781334
0.227	-0.0215526794
0.228	-0.0222414831
0.229	-0.0229446612
0.23	-0.023662329
0.231	-0.0243945999
0.232	-0.0251415856
0.233	-0.025903396
0.234	-0.0266801397
0.235	-0.0274719232
0.236	-0.0282788516
0.237	-0.0291010276
0.238	-0.0299385536
0.239	-0.0307915291
0.24	-0.0316600526
0.241	-0.0325442206
0.242	-0.0334441281
0.243	-0.0343598686
0.244	-0.0352915338
0.245	-0.0362392139
0.246	-0.0372029974
0.247	-0.0381829714
0.248	-0.0391792212
0.249	-0.0401918307
0.25	-0.0412208824
0.251	-0.0422664569
0.252	-0.0433286335
0.253	-0.0444074901
0.254	-0.0455031029
0.255	-0.0466155469
0.256	-0.0477448953
0.257	-0.0488912201
0.258	-0.0500545919
0.259	-0.0512350797
0.26	-0.0524327514
0.261	-0.0536476731
0.262	-0.0548799101
0.263	-0.0561295258
0.264	-0.0573965826
0.265	-0.0586811416
0.266	-0.0599832625
0.267	-0.0613030037
0.268	-0.0626404225
0.269	-0.0639955747
0.27	-0.0653685152
0.271	-0.0667592975
0.272	-0.0681679738
0.273	-0.0695945955
0.274	-0.0710392124
0.275	-0.0725018736
0.276	-0.0739826267
0.277	-0.0754815183
0.278	-0.0769985942
0.279	-0.0785338986
0.28	-0.0800874753
0.281	-0.0816593663
0.282	-0.0832496134
0.283	-0.0848582567
0.284	-0.0864853356
0.285	-0.0881308887
0.286	-0.0897949533
0.287	-0.0914775661
0.288	-0.0931787625
0.289	-0.0948985774
0.29	-0.0966370446
0.291	-0.0983941969
0.292	-0.1001700664
0.293	-0.1019646845
0.294	-0.1037780814
0.295	-0.1056102868
0.296	-0.1074613295
0.297	-0.1093312375
0.298	-0.111220038
0.299	-0.1131277575
0.3	-0.1150544217
0.301	-0.1170000556
0.302	-0.1189646836
0.303	-0.1209483293
0.304	-0.1229510155
0.305	-0.1249727645
0.306	-0.1270135979
0.307	-0.1290735366
0.308	-0.1311526009
0.309	-0.1332508104
0.31	-0.1353681845
0.311	-0.1375047413
0.312	-0.1396604988
0.313	-0.1418354744
0.314	-0.1440296848
0.315	-0.1462431463
0.316	-0.1484758744
0.317	-0.1507278844
0.318	-0.152999191
0.319	-0.1552898081
0.32	-0.1575997496
0.321	-0.1599290284
0.322	-0.1622776575
0.323	-0.1646456489
0.324	-0.1670330144
0.325	-0.1694397655
0.326	-0.1718659129
0.327	-0.1743114673
0.328	-0.1767764386
0.329	-0.1792608366
0.33	-0.1817646705
0.331	-0.1842879492
0.332	-0.1868306813
0.333	-0.1893928749
0.334	-0.1919745378
0.335	-0.1945756775
0.336	-0.1971963011
0.337	-0.1998364154
0.338	-0.2024960267
0.339	-0.2051751414
0.34	-0.207873765
0.341	-0.2105919033
0.342	-0.2133295613
0.343	-0.2160867443
0.344	-0.2188634567
0.345	-0.2216597028
0.346	-0.2244754869
0.347	-0.2273108127
0.348	-0.230165684
0.349	-0.2330401041
0.35	-0.235934076
0.351	-0.2388476027
0.352	-0.2417806868
0.353	-0.2447333308
0.354	-0.2477055368
0.355	-0.250697307
0.356	-0.253708643
0.357	-0.2567395464
0.358	-0.2597900188
0.359	-0.2628600612
0.36	-0.2659496747
0.361	-0.2690588602
0.362	-0.2721876184
0.363	-0.2753359497
0.364	-0.2785038544
0.365	-0.2816913328
0.366	-0.2848983848
0.367	-0.2881250104
0.368	-0.2913712092
0.369	-0.2946369809
0.37	-0.2979223248
0.371	-0.3012272402
0.372	-0.3045517264
0.373	-0.3078957822
0.374	-0.3112594069
0.375	-0.3146425988
0.376	-0.318045357
0.377	-0.3214676798
0.378	-0.3249095658
0.379	-0.3283710132
0.38	-0.3318520203
0.381	-0.3353525853
0.382	-0.3388727062
0.383	-0.3424123808
0.384	-0.3459716072
0.385	-0.349550383
0.386	-0.3531487058
0.387	-0.3567665734
0.388	-0.3604039831
0.389	-0.3640609325
0.39	-0.3677374188
0.391	-0.3714334394
0.392	-0.3751489915
0.393	-0.3788840721
0.394	-0.3826386783
0.395	-0.3864128073
0.396	-0.3902064558
0.397	-0.3940196208
0.398	-0.3978522991
0.399	-0.4017044874
0.4	-0.4055761825
0.401	-0.409467381
0.402	-0.4133780796
0.403	-0.4173082747
0.404	-0.4212579629
0.405	-0.4252271406
0.406	-0.4292158042
0.407	-0.4332239502
0.408	-0.4372515748
0.409	-0.4412986743
0.41	-0.445365245
0.411	-0.4494512831
0.412	-0.4535567847
0.413	-0.4576817461
0.414	-0.4618261632
0.415	-0.4659900322
0.416	-0.4701733492
0.417	-0.47437611
0.418	-0.4785983108
0.419	-0.4828399474
0.42	-0.4871010158
0.421	-0.4913815119
0.422	-0.4956814316
0.423	-0.5000007706
0.424	-0.5043395249
0.425	-0.5086976903
0.426	-0.5130752625
0.427	-0.5174722373
0.428	-0.5218886104
0.429	-0.5263243776
0.43	-0.5307795345
0.431	-0.535254077
0.432	-0.5397480005
0.433	-0.5442613008
0.434	-0.5487939735
0.435	-0.5533460143
0.436	-0.5579174187
0.437	-0.5625081824
0.438	-0.5671183009
0.439	-0.5717477698
0.44	-0.5763965847
0.441	-0.5810647411
0.442	-0.5857522345
0.443	-0.5904590604
0.444	-0.5951852144
0.445	-0.599930692
0.446	-0.6046954887
0.447	-0.6094795999
0.448	-0.6142830211
0.449	-0.6191057478
0.45	-0.6239477754
0.451	-0.6288090994
0.452	-0.6336897152
0.453	-0.6385896183
0.454	-0.643508804
0.455	-0.6484472679
0.456	-0.6534050052
0.457	-0.6583820115
0.458	-0.663378282
0.459	-0.6683938123
0.46	-0.6734285976
0.461	-0.6784826334
0.462	-0.683555915
0.463	-0.6886484379
0.464	-0.6937601973
0.465	-0.6988911886
0.466	-0.7040414072
0.467	-0.7092108483
0.468	-0.7143995075
0.469	-0.71960738
0.47	-0.7248344611
0.471	-0.7300807461
0.472	-0.7353462304
0.473	-0.7406309093
0.474	-0.7459347781
0.475	-0.7512578321
0.476	-0.7566000667
0.477	-0.761961477
0.478	-0.7673420585
0.479	-0.7727418063
0.48	-0.7781607158
0.481	-0.7835987823
0.482	-0.7890560011
0.483	-0.7945323672
0.484	-0.8000278762
0.485	-0.8055425232
0.486	-0.8110763035
0.487	-0.8166292123
0.488	-0.8222012449
0.489	-0.8277923965
0.49	-0.8334026624
0.491	-0.8390320377
0.492	-0.8446805178
0.493	-0.8503480978
0.494	-0.856034773
0.495	-0.8617405385
0.496	-0.8674653896
0.497	-0.8732093214
0.498	-0.8789723292
0.499	-0.8847544081
0.5	-0.8905555533
0.501	-0.8963757601
0.502	-0.9022150234
0.503	-0.9080733387
0.504	-0.9139507008
0.505	-0.9198471052
0.506	-0.9257625467
0.507	-0.9316970208
0.508	-0.9376505223
0.509	-0.9436230464
0.51	-0.9496145884
0.511	-0.9556251432
0.512	-0.961654706
0.513	-0.9677032719
0.514	-0.9737708359
0.515	-0.9798573932
0.516	-0.9859629387
0.517	-0.9920874676
0.518	-0.998230975
0.519	-1.0043934557
0.52	-1.010574905
0.521	-1.0167753178
0.522	-1.0229946891
0.523	-1.0292330139
0.524	-1.0354902873
0.525	-1.0417665042
0.526	-1.0480616596
0.527	-1.0543757485
0.528	-1.0607087658
0.529	-1.0670607064
0.53	-1.0734315654
0.531	-1.0798213377
0.532	-1.0862300181
0.533	-1.0926576016
0.534	-1.099104083
0.535	-1.1055694573
0.536	-1.1120537194
0.537	-1.118556864
0.538	-1.1250788861
0.539	-1.1316197804
0.54	-1.1381795418
0.541	-1.1447581652
0.542	-1.1513556452
0.543	-1.1579719768
0.544	-1.1646071546
0.545	-1.1712611735
0.546	-1.1779340282
0.547	-1.1846257134
0.548	-1.1913362238
0.549	-1.1980655542
0.55	-1.2048136993
0.551	-1.2115806537
0.552	-1.2183664121
0.553	-1.2251709692
0.554	-1.2319943195
0.555	-1.2388364578
0.556	-1.2456973786
0.557	-1.2525770765
0.558	-1.2594755461
0.559	-1.2663927819
0.56	-1.2733287786
0.561	-1.2802835305
0.562	-1.2872570323
0.563	-1.2942492785
0.564	-1.3012602635
0.565	-1.3082899817
0.566	-1.3153384277
0.567	-1.3224055958
0.568	-1.3294914805
0.569	-1.3365960763
0.57	-1.3437193773
0.571	-1.350861378
0.572	-1.3580220728
0.573	-1.3652014559
0.574	-1.3723995218
0.575	-1.3796162646
0.576	-1.3868516786
0.577	-1.3941057581
0.578	-1.4013784973
0.579	-1.4086698904
0.58	-1.4159799316
0.581	-1.4233086151
0.582	-1.4306559351
0.583	-1.4380218856
0.584	-1.4454064608
0.585	-1.4528096547
0.586	-1.4602314615
0.587	-1.4676718751
0.588	-1.4751308897
0.589	-1.4826084991
0.59	-1.4901046975
0.591	-1.4976194787
0.592	-1.5051528368
0.593	-1.5127047655
0.594	-1.5202752589
0.595	-1.5278643107
0.596	-1.5354719149
0.597	-1.5430980653
0.598	-1.5507427557
0.599	-1.5584059798
0.6	-1.5660877315
0.601	-1.5737880044
0.602	-1.5815067923
0.603	-1.5892440888
0.604	-1.5969998877
0.605	-1.6047741826
0.606	-1.612566967
0.607	-1.6203782346
0.608	-1.628207979
0.609	-1.6360561936
0.61	-1.6439228721
0.611	-1.6518080078
0.612	-1.6597115944
0.613	-1.6676336251
0.614	-1.6755740934
0.615	-1.6835329927
0.616	-1.6915103164
0.617	-1.6995060578
0.618	-1.7075202102
0.619	-1.7155527668
0.62	-1.7236037211
0.621	-1.7316730662
0.622	-1.7397607951
0.623	-1.7478669012
0.624	-1.7559913776
0.625	-1.7641342174
0.626	-1.7722954138
0.627	-1.7804749596
0.628	-1.7886728481
0.629	-1.7968890721
0.63	-1.8051236247
0.631	-1.8133764988
0.632	-1.8216476873
0.633	-1.8299371832
0.634	-1.8382449792
0.635	-1.8465710682
0.636	-1.854915443
0.637	-1.8632780963
0.638	-1.871659021
0.639	-1.8800582096
0.64	-1.8884756549
0.641	-1.8969113495
0.642	-1.9053652861
0.643	-1.9138374571
0.644	-1.9223278552
0.645	-1.9308364729
0.646	-1.9393633027
0.647	-1.9479083369
0.648	-1.9564715681
0.649	-1.9650529887
0.65	-1.9736525909
0.651	-1.9822703671
0.652	-1.9909063097
0.653	-1.9995604108
0.654	-2.0082326626
0.655	-2.0169230575
0.656	-2.0256315875
0.657	-2.0343582447
0.658	-2.0431030213
0.659	-2.0518659093
0.66	-2.0606469006
0.661	-2.0694459874
0.662	-2.0782631616
0.663	-2.087098415
0.664	-2.0959517396
0.665	-2.1048231272
0.666	-2.1137125695
0.667	-2.1226200585
0.668	-2.1315455858
0.669	-2.1404891431
0.67	-2.1494507221
0.671	-2.1584303144
0.672	-2.1674279116
0.673	-2.1764435052
0.674	-2.1854770869
0.675	-2.194528648
0.676	-2.20359818
0.677	-2.2126856743
0.678	-2.2217911223
0.679	-2.2309145153
0.68	-2.2400558446
0.681	-2.2492151015
0.682	-2.2583922771
0.683	-2.2675873627
0.684	-2.2768003493
0.685	-2.2860312281
0.686	-2.2952799902
0.687	-2.3045466265
0.688	-2.3138311281
0.689	-2.3231334858
0.69	-2.3324536905
0.691	-2.3417917333
0.692	-2.3511476047
0.693	-2.3605212957
0.694	-2.369912797
0.695	-2.3793220992
0.696	-2.388749193
0.697	-2.3981940691
0.698	-2.407656718
0.699	-2.4171371301
0.7	-2.4266352961
0.701	-2.4361512064
0.702	-2.4456848513
0.703	-2.4552362213
0.704	-2.4648053066
0.705	-2.4743920975
0.706	-2.4839965842
0.707	-2.4936187571
0.708	-2.503258606
0.709	-2.5129161213
0.71	-2.5225912928
0.711	-2.5322841108
0.712	-2.5419945651
0.713	-2.5517226456
0.714	-2.5614683424
0.715	-2.5712316449
0.716	-2.5810125433
0.717	-2.5908110271
0.718	-2.6006270862
0.719	-2.6104607101
0.72	-2.6203118885
0.721	-2.6301806108
0.722	-2.6400668667
0.723	-2.6499706457
0.724	-2.659891937
0.725	-2.6698307301
0.726	-2.6797870144
0.727	-2.6897607791
0.728	-2.6997520134
0.729	-2.7097607065
0.73	-2.7197868477
0.731	-2.7298304258
0.732	-2.7398914301
0.733	-2.7499698495
0.734	-2.7600656729
0.735	-2.7701788892
0.736	-2.7803094874
0.737	-2.7904574561
0.738	-2.8006227841
0.739	-2.8108054602
0.74	-2.821005473
0.741	-2.8312228111
0.742	-2.841457463
0.743	-2.8517094172
0.744	-2.8619786622
0.745	-2.8722651864
0.746	-2.8825689781
0.747	-2.8928900256
0.748	-2.9032283173
0.749	-2.9135838411
0.75	-2.9239565855
0.751	-2.9343465381
0.752	-2.9447536875
0.753	-2.9551780213
0.754	-2.9656195276
0.755	-2.9760781942
0.756	-2.986554009
0.757	-2.9970469597
0.758	-3.0075570341
0.759	-3.0180842197
0.76	-3.0286285044
0.761	-3.0391898755
0.762	-3.0497683206
0.763	-3.0603638272
0.764	-3.0709763826
0.765	-3.0816059742
0.766	-3.0922525893
0.767	-3.1029162151
0.768	-3.1135968388
0.769	-3.1242944475
0.77	-3.1350090283
0.771	-3.1457405681
0.772	-3.156489054
0.773	-3.1672544729
0.774	-3.1780368115
0.775	-3.1888360566
0.776	-3.1996521951
0.777	-3.2104852136
0.778	-3.2213350985
0.779	-3.2322018365
0.78	-3.2430854143
0.781	-3.2539858181
0.782	-3.2649030343
0.783	-3.2758370492
0.784	-3.2867878492
0.785	-3.2977554205
0.786	-3.3087397491
0.787	-3.3197408212
0.788	-3.3307586227
0.789	-3.3417931397
0.79	-3.3528443581
0.791	-3.3639122637
0.792	-3.3749968423
0.793	-3.3860980797
0.794	-3.3972159614
0.795	-3.4083504731
0.796	-3.4195016004
0.797	-3.4306693286
0.798	-3.4418536434
0.799	-3.45305453
0.8	-3.4642719736
0.801	-3.4755059596
0.802	-3.4867564732
0.803	-3.4980234993
0.804	-3.5093070231
0.805	-3.5206070296
0.806	-3.5319235037
0.807	-3.5432564302
0.808	-3.554605794
0.809	-3.5659715797
0.81	-3.5773537721
0.811	-3.5887523557
0.812	-3.600167315
0.813	-3.6115986347
0.814	-3.623046299
0.815	-3.6345102922
0.816	-3.6459905989
0.817	-3.657487203
0.818	-3.6690000887
0.819	-3.6805292402
0.82	-3.6920746414
0.821	-3.7036362763
0.822	-3.7152141287
0.823	-3.7268081826
0.824	-3.7384184216
0.825	-3.7500448294
0.826	-3.7616873897
0.827	-3.773346086
0.828	-3.7850209016
0.829	-3.7967118202
0.83	-3.808418825
0.831	-3.8201418993
0.832	-3.8318810263
0.833	-3.8436361891
0.834	-3.8554073708
0.835	-3.8671945544
0.836	-3.8789977228
0.837	-3.8908168589
0.838	-3.9026519455
0.839	-3.9145029653
0.84	-3.9263699008
0.841	-3.9382527349
0.842	-3.9501514498
0.843	-3.9620660281
0.844	-3.9739964521
0.845	-3.9859427041
0.846	-3.9979047663
0.847	-4.009882621
0.848	-4.0218762501
0.849	-4.0338856356
0.85	-4.0459107595
0.851	-4.0579516037
0.852	-4.07000815
0.853	-4.08208038
0.854	-4.0941682753
0.855	-4.1062718176
0.856	-4.1183909884
0.857	-4.130525769
0.858	-4.1426761408
0.859	-4.1548420851
0.86	-4.1670235831
0.861	-4.1792206158
0.862	-4.1914331644
0.863	-4.2036612098
0.864	-4.2159047328
0.865	-4.2281637144
0.866	-4.2404381352
0.867	-4.2527279759
0.868	-4.2650332171
0.869	-4.2773538393
0.87	-4.2896898229
0.871	-4.3020411484
0.872	-4.3144077958
0.873	-4.3267897456
0.874	-4.3391869778
0.875	-4.3515994724
0.876	-4.3640272094
0.877	-4.3764701686
0.878	-4.38892833
0.879	-4.4014016733
0.88	-4.413890178
0.881	-4.4263938237
0.882	-4.43891259
0.883	-4.4514464562
0.884	-4.4639954018
0.885	-4.4765594058
0.886	-4.4891384476
0.887	-4.5017325062
0.888	-4.5143415606
0.889	-4.5269655897
0.89	-4.5396045724
0.891	-4.5522584874
0.892	-4.5649273135
0.893	-4.5776110292
0.894	-4.590309613
0.895	-4.6030230434
0.896	-4.6157512987
0.897	-4.6284943572
0.898	-4.6412521972
0.899	-4.6540247966
0.9	-4.6668121335
0.901	-4.6796141858
0.902	-4.6924309315
0.903	-4.7052623482
0.904	-4.7181084136
0.905	-4.7309691053
0.906	-4.743844401
0.907	-4.7567342778
0.908	-4.7696387133
0.909	-4.7825576847
0.91	-4.7954911691
0.911	-4.8084391436
0.912	-4.8214015852
0.913	-4.8343784708
0.914	-4.8473697773
0.915	-4.8603754813
0.916	-4.8733955596
0.917	-4.8864299887
0.918	-4.899478745
0.919	-4.912541805
0.92	-4.9256191449
0.921	-4.9387107409
0.922	-4.9518165692
0.923	-4.9649366058
0.924	-4.9780708266
0.925	-4.9912192076
0.926	-5.0043817243
0.927	-5.0175583526
0.928	-5.030749068
0.929	-5.043953846
0.93	-5.0571726619
0.931	-5.0704054912
0.932	-5.0836523089
0.933	-5.0969130903
0.934	-5.1101878104
0.935	-5.1234764441
0.936	-5.1367789663
0.937	-5.1500953517
0.938	-5.163425575
0.939	-5.1767696108
0.94	-5.1901274336
0.941	-5.2034990176
0.942	-5.2168843374
0.943	-5.2302833669
0.944	-5.2436960804
0.945	-5.2571224519
0.946	-5.2705624553
0.947	-5.2840160643
0.948	-5.2974832528
0.949	-5.3109639944
0.95	-5.3244582626
0.951	-5.3379660308
0.952	-5.3514872724
0.953	-5.3650219607
0.954	-5.3785700688
0.955	-5.3921315698
0.956	-5.4057064366
0.957	-5.4192946421
0.958	-5.4328961591
0.959	-5.4465109602
0.96	-5.4601390181
0.961	-5.4737803051
0.962	-5.4874347937
0.963	-5.5011024562
0.964	-5.5147832647
0.965	-5.5284771914
0.966	-5.5421842081
0.967	-5.5559042869
0.968	-5.5696373994
0.969	-5.5833835174
0.97	-5.5971426124
0.971	-5.610914656
0.972	-5.6246996195
0.973	-5.6384974743
0.974	-5.6523081913
0.975	-5.6661317419
0.976	-5.679968097
0.977	-5.6938172274
0.978	-5.7076791039
0.979	-5.7215536972
0.98	-5.7354409779
0.981	-5.7493409164
0.982	-5.7632534832
0.983	-5.7771786485
0.984	-5.7911163824
0.985	-5.805066655
0.986	-5.8190294363
0.987	-5.8330046961
0.988	-5.8469924042
0.989	-5.8609925301
0.99	-5.8750050436
0.991	-5.889029914
0.992	-5.9030671105
0.993	-5.9171166025
0.994	-5.9311783591
0.995	-5.9452523493
0.996	-5.9593385419
0.997	-5.9734369059
0.998	-5.9875474098
0.999	-6.0016700224
1	-6.0158047119
1.001	-6.029951447
1.002	-6.0441101956
1.003	-6.0582809262
1.004	-6.0724636067
1.005	-6.0866582051
1.006	-6.1008646891
1.007	-6.1150830266
1.008	-6.1293131851
1.009	-6.1435551322
1.01	-6.1578088353
1.011	-6.1720742615
1.012	-6.1863513782
1.013	-6.2006401524
1.014	-6.2149405511
1.015	-6.229252541
1.016	-6.2435760891
1.017	-6.2579111618
1.018	-6.2722577257
1.019	-6.2866157472
1.02	-6.3009851926
1.021	-6.3153660281
1.022	-6.3297582198
1.023	-6.3441617336
1.024	-6.3585765354
1.025	-6.3730025908
1.026	-6.3874398656
1.027	-6.4018883253
1.028	-6.4163479351
1.029	-6.4308186604
1.03	-6.4453004665
1.031	-6.4597933183
1.032	-6.4742971807
1.033	-6.4888120186
1.034	-6.5033377967
1.035	-6.5178744796
1.036	-6.5324220318
1.037	-6.5469804177
1.038	-6.5615496014
1.039	-6.5761295472
1.04	-6.590720219
1.041	-6.6053215807
1.042	-6.6199335962
1.043	-6.634556229
1.044	-6.6491894428
1.045	-6.6638332009
1.046	-6.6784874667
1.047	-6.6931522035
1.048	-6.7078273741
1.049	-6.7225129417
1.05	-6.737208869
1.051	-6.7519151188
1.052	-6.7666316536
1.053	-6.7813584361
1.054	-6.7960954284
1.055	-6.810842593
1.056	-6.8255998918
1.057	-6.840367287
1.058	-6.8551447402
1.059	-6.8699322136
1.06	-6.8847296685
1.061	-6.8995370665
1.062	-6.914354369
1.063	-6.9291815373
1.064	-6.9440185325
1.065	-6.9588653158
1.066	-6.973721848
1.067	-6.9885880898
1.068	-7.003464002
1.069	-7.0183495451
1.07	-7.0332446795
1.071	-7.0481493656
1.072	-7.0630635635
1.073	-7.0779872332
1.074	-7.0929203347
1.075	-7.1078628278
1.076	-7.1228146721
1.077	-7.1377758273
1.078	-7.1527462527
1.079	-7.1677259076
1.08	-7.1827147513
1.081	-7.1977127427
1.082	-7.2127198408
1.083	-7.2277360045
1.084	-7.2427611922
1.085	-7.2577953628
1.086	-7.2728384744
1.087	-7.2878904855
1.088	-7.3029513542
1.089	-7.3180210385
1.09	-7.3330994964
1.091	-7.3481866856
1.092	-7.3632825638
1.093	-7.3783870885
1.094	-7.3935002171
1.095	-7.4086219069
1.096	-7.4237521149
1.097	-7.4388907984
1.098	-7.454037914
1.099	-7.4691934186
1.1	-7.4843572687
1.101	-7.499529421
1.102	-7.5147098316
1.103	-7.5298984569
1.104	-7.545095253
1.105	-7.5603001758
1.106	-7.5755131811
1.107	-7.5907342248
1.108	-7.6059632621
1.109	-7.6212002488
1.11	-7.6364451401
1.111	-7.6516978912
1.112	-7.666958457
1.113	-7.6822267926
1.114	-7.6975028526
1.115	-7.7127865919
1.116	-7.7280779647
1.117	-7.7433769255
1.118	-7.7586834286
1.119	-7.7739974281
1.12	-7.789318878
1.121	-7.804647732
1.122	-7.8199839438
1.123	-7.8353274672
1.124	-7.8506782554
1.125	-7.8660362618
1.126	-7.8814014396
1.127	-7.8967737418
1.128	-7.9121531211
1.129	-7.9275395306
1.13	-7.9429329226
1.131	-7.9583332498
1.132	-7.9737404644
1.133	-7.9891545187
1.134	-8.0045753647
1.135	-8.0200029543
1.136	-8.0354372394
1.137	-8.0508781717
1.138	-8.0663257025
1.139	-8.0817797833
1.14	-8.0972403653
1.141	-8.1127073998
1.142	-8.1281808374
1.143	-8.1436606293
1.144	-8.1591467257
1.145	-8.1746390777
1.146	-8.1901376353
1.147	-8.2056423489
1.148	-8.2211531686
1.149	-8.2366700444
1.15	-8.2521929261
1.151	-8.2677217635
1.152	-8.283256506
1.153	-8.2987971031
1.154	-8.314343504
1.155	-8.3298956579
1.156	-8.3454535139
1.157	-8.3610170206
1.158	-8.3765861268
1.159	-8.3921607811
1.16	-8.4077409319
1.161	-8.4233265274
1.162	-8.4389175159
1.163	-8.4545138451
1.164	-8.4701154632
1.165	-8.4857223176
1.166	-8.501334356
1.167	-8.5169515258
1.168	-8.5325737742
1.169	-8.5482010483
1.17	-8.5638332951
1.171	-8.5794704615
1.172	-8.5951124941
1.173	-8.6107593395
1.174	-8.626410944
1.175	-8.6420672539
1.176	-8.6577282153
1.177	-8.6733937741
1.178	-8.6890638762
1.179	-8.7047384671
1.18	-8.7204174925
1.181	-8.7361008975
1.182	-8.7517886277
1.183	-8.7674806278
1.184	-8.7831768428
1.185	-8.7988772177
1.186	-8.8145816967
1.187	-8.8302902248
1.188	-8.8460027459
1.189	-8.8617192042
1.19	-8.877439544
1.191	-8.8931637089
1.192	-8.9088916428
1.193	-8.9246232891
1.194	-8.9403585914
1.195	-8.9560974929
1.196	-8.9718399368
1.197	-8.9875858659
1.198	-9.0033352231
1.199	-9.0190879511
1.2	-9.0348439925
1.201	-9.0506032895
1.202	-9.0663657844
1.203	-9.0821314193
1.204	-9.097900136
1.205	-9.1136718764
1.206	-9.129446582
1.207	-9.1452241942
1.208	-9.1610046544
1.209	-9.1767879039
1.21	-9.1925738834
1.211	-9.208362534
1.212	-9.2241537962
1.213	-9.2399476105
1.214	-9.2557439175
1.215	-9.2715426572
1.216	-9.2873437699
1.217	-9.3031471953
1.218	-9.3189528733
1.219	-9.3347607434
1.22	-9.3505707452
1.221	-9.3663828178
1.222	-9.3821969005
1.223	-9.3980129322
1.224	-9.4138308517
1.225	-9.4296505979
1.226	-9.4454721091
1.227	-9.4612953236
1.228	-9.4771201798
1.229	-9.4929466156
1.23	-9.5087745691
1.231	-9.5246039778
1.232	-9.5404347794
1.233	-9.5562669114
1.234	-9.5721003106
1.235	-9.5879349146
1.236	-9.6037706602
1.237	-9.6196074841
1.238	-9.6354453231
1.239	-9.6512841136
1.24	-9.6671237917
1.241	-9.6829642938
1.242	-9.6988055557
1.243	-9.7146475136
1.244	-9.7304901028
1.245	-9.7463332589
1.246	-9.7621769173
1.247	-9.7780210131
1.248	-9.7938654815
1.249	-9.8097102574
1.25	-9.8255552751
1.251	-9.8414004697
1.252	-9.8572457753
1.253	-9.8730911258
1.254	-9.8889364559
1.255	-9.9047816992
1.256	-9.9206267895
1.257	-9.9364716603
1.258	-9.9523162452
1.259	-9.9681604772
1.26	-9.9840042897
1.261	-9.9998476153
1.262	-10.015690387
1.263	-10.0315325373
1.264	-10.0473739988
1.265	-10.0632147035
1.266	-10.0790545838
1.267	-10.0948935715
1.268	-10.1107315985
1.269	-10.1265685963
1.27	-10.1424044965
1.271	-10.1582392303
1.272	-10.1740727288
1.273	-10.1899049231
1.274	-10.2057357441
1.275	-10.2215651219
1.276	-10.2373929876
1.277	-10.2532192712
1.278	-10.269043903
1.279	-10.2848668129
1.28	-10.3006879307
1.281	-10.316507186
1.282	-10.3323245084
1.283	-10.3481398272
1.284	-10.3639530714
1.285	-10.3797641702
1.286	-10.3955730523
1.287	-10.4113796465
1.288	-10.4271838811
1.289	-10.4429856844
1.29	-10.4587849847
1.291	-10.47458171
1.292	-10.4903757879
1.293	-10.5061671464
1.294	-10.5219557126
1.295	-10.537741414
1.296	-10.5535241778
1.297	-10.5693039309
1.298	-10.5850806002
1.299	-10.6008541122
1.3	-10.6166243935
1.301	-10.6323913703
1.302	-10.6481549688
1.303	-10.663915115
1.304	-10.6796717347
1.305	-10.6954247534
1.306	-10.7111740965
1.307	-10.7269196899
1.308	-10.7426614579
1.309	-10.758399326
1.31	-10.7741332187
1.311	-10.7898630608
1.312	-10.8055887766
1.313	-10.8213102903
1.314	-10.8370275262
1.315	-10.8527404083
1.316	-10.8684488602
1.317	-10.8841528056
1.318	-10.8998521676
1.319	-10.9155468698
1.32	-10.9312368351
1.321	-10.9469219866
1.322	-10.9626022468
1.323	-10.9782775384
1.324	-10.9939477835
1.325	-11.0096129047
1.326	-11.025272824
1.327	-11.0409274636
1.328	-11.0565767444
1.329	-11.0722205883
1.33	-11.0878589168
1.331	-11.103491651
1.332	-11.1191187118
1.333	-11.1347400202
1.334	-11.1503554968
1.335	-11.1659650625
1.336	-11.1815686364
1.337	-11.1971661402
1.338	-11.2127574925
1.339	-11.2283426142
1.34	-11.2439214243
1.341	-11.2594938426
1.342	-11.2750597881
1.343	-11.2906191805
1.344	-11.3061719375
1.345	-11.3217179791
1.346	-11.3372572233
1.347	-11.3527895887
1.348	-11.3683149934
1.349	-11.3838333556
1.35	-11.3993445931
1.351	-11.4148486236
1.352	-11.4303453647
1.353	-11.4458347338
1.354	-11.461316648
1.355	-11.4767910244
1.356	-11.4922577797
1.357	-11.5077168308
1.358	-11.5231680938
1.359	-11.5386114856
1.36	-11.5540469217
1.361	-11.5694743186
1.362	-11.584893592
1.363	-11.6003046569
1.364	-11.6157074301
1.365	-11.6311018247
1.366	-11.6464877576
1.367	-11.6618651433
1.368	-11.6772338963
1.369	-11.6925939302
1.37	-11.7079451616
1.371	-11.7232875047
1.372	-11.7386208708
1.373	-11.7539451757
1.374	-11.7692603325
1.375	-11.7845662551
1.376	-11.7998628561
1.377	-11.81515005
1.378	-11.8304277479
1.379	-11.8456958647
1.38	-11.8609543114
1.381	-11.876203001
1.382	-11.8914418457
1.383	-11.9066707576
1.384	-11.9218896486
1.385	-11.9370984304
1.386	-11.9522970146
1.387	-11.9674853126
1.388	-11.9826632354
1.389	-11.9978306943
1.39	-12.0129876
1.391	-12.0281338631
1.392	-12.0432693941
1.393	-12.0583941035
1.394	-12.0735079011
1.395	-12.0886106972
1.396	-12.1037024012
1.397	-12.1187829231
1.398	-12.133852172
1.399	-12.1489100572
1.4	-12.1639564879
1.401	-12.1789913728
1.402	-12.1940146207
1.403	-12.2090261401
1.404	-12.2240258393
1.405	-12.2390136267
1.406	-12.2539894099
1.407	-12.268953097
1.408	-12.2839045955
1.409	-12.2988438129
1.41	-12.3137706566
1.411	-12.3286850333
1.412	-12.3435868504
1.413	-12.3584760143
1.414	-12.3733524317
1.415	-12.3882160089
1.416	-12.4030666523
1.417	-12.4179042676
1.418	-12.4327287609
1.419	-12.4475400378
1.42	-12.4623380037
1.421	-12.477122564
1.422	-12.4918936238
1.423	-12.5066510879
1.424	-12.5213948614
1.425	-12.5361248485
1.426	-12.550840954
1.427	-12.5655430818
1.428	-12.5802311361
1.429	-12.5949050207
1.43	-12.6095646394
1.431	-12.6242098956
1.432	-12.6388406928
1.433	-12.653456934
1.434	-12.6680585222
1.435	-12.6826453602
1.436	-12.6972173513
1.437	-12.7117743959
1.438	-12.7263163984
1.439	-12.7408432608
1.44	-12.7553548836
1.441	-12.7698511682
1.442	-12.7843320181
1.443	-12.7987973336
1.444	-12.8132470162
1.445	-12.8276809666
1.446	-12.8420990858
1.447	-12.8565012742
1.448	-12.8708874326
1.449	-12.885257461
1.45	-12.8996112597
1.451	-12.9139487284
1.452	-12.9282697671
1.453	-12.9425742752
1.454	-12.9568621523
1.455	-12.9711332972
1.456	-12.9853876094
1.457	-12.9996249874
1.458	-13.0138453311
1.459	-13.0280485358
1.46	-13.042234503
1.461	-13.0564031297
1.462	-13.0705543139
1.463	-13.0846879533
1.464	-13.0988039457
1.465	-13.1129021882
1.466	-13.1269825784
1.467	-13.1410450124
1.468	-13.1550893892
1.469	-13.1691156034
1.47	-13.1831235525
1.471	-13.1971131325
1.472	-13.2110842397
1.473	-13.2250367696
1.474	-13.2389706194
1.475	-13.2528856833
1.476	-13.2667818573
1.477	-13.2806590366
1.478	-13.2945171164
1.479	-13.3083559914
1.48	-13.3221755566
1.481	-13.3359757064
1.482	-13.3497563352
1.483	-13.3635173372
1.484	-13.3772586064
1.485	-13.3909800366
1.486	-13.4046815217
1.487	-13.4183629549
1.488	-13.4320242298
1.489	-13.4456652392
1.49	-13.4592858763
1.491	-13.4728860337
1.492	-13.4864656042
1.493	-13.5000244801
1.494	-13.5135625537
1.495	-13.5270797169
1.496	-13.5405758618
1.497	-13.5540508799
1.498	-13.5675046631
1.499	-13.5809371023
1.5	-13.594348089
1.501	-13.607737514
1.502	-13.6211052684
1.503	-13.6313619317
1.504	-13.6396527969
1.505	-13.6460502753
1.506	-13.6506246237
1.507	-13.6534440004
1.508	-13.6545745218
1.509	-13.6540803161
1.51	-13.6520235771
1.511	-13.6484646155
1.512	-13.6434619102
1.513	-13.6370721575
1.514	-13.6293503198
1.515	-13.6203496723
1.516	-13.6101218499
1.517	-13.598716891
1.518	-13.5861832828
1.519	-13.5725680025
1.52	-13.5579165605
1.521	-13.5422730398
1.522	-13.5256801365
1.523	-13.508179198
1.524	-13.489810261
1.525	-13.4706120877
1.526	-13.4506222022
1.527	-13.4298769247
1.528	-13.408411406
1.529	-13.38625966
1.53	-13.3634545966
1.531	-13.3400280521
1.532	-13.3160108211
1.533	-13.2914326844
1.534	-13.2663224401
1.535	-13.2407079298
1.536	-13.2146160673
1.537	-13.1880728648
1.538	-13.1611034591
1.539	-13.133732137
1.54	-13.1059823592
1.541	-13.0778767856
1.542	-13.0494372971
1.543	-13.0206850197
1.544	-12.9916403453
1.545	-12.9623229545
1.546	-12.9327518363
1.547	-12.9029453094
1.548	-12.872921041
1.549	-12.8426960674
1.55	-12.812286811
1.551	-12.7817091004
1.552	-12.7509781864
1.553	-12.7201087606
1.554	-12.689114971
1.555	-12.6580104394
1.556	-12.6268082763
1.557	-12.5955210969
1.558	-12.5641610358
1.559	-12.532739762
1.56	-12.5012684922
1.561	-12.4697580058
1.562	-12.4382186569
1.563	-12.4066603887
1.564	-12.375092745
1.565	-12.3435248836
1.566	-12.3119655869
1.567	-12.2804232752
1.568	-12.2489060164
1.569	-12.2174215382
1.57	-12.1859772378
1.571	-12.1545801935
1.572	-12.1232371732
1.573	-12.0919546458
1.574	-12.0607387894
1.575	-12.0295955008
1.576	-11.9985304079
1.577	-11.9675488706
1.578	-11.9366559969
1.579	-11.9058566483
1.58	-11.875155447
1.581	-11.8445567852
1.582	-11.8140648316
1.583	-11.7836835393
1.584	-11.7534166527
1.585	-11.7232677147
1.586	-11.6932400729
1.587	-11.6633368868
1.588	-11.6335611336
1.589	-11.6039156148
1.59	-11.5744029618
1.591	-11.5450256422
1.592	-11.5157859645
1.593	-11.4866860851
1.594	-11.4577280118
1.595	-11.4289136108
1.596	-11.4002446102
1.597	-11.3717226057
1.598	-11.343349065
1.599	-11.3151253328
1.6	-11.2870526343
1.601	-11.259132081
1.602	-11.2313646731
1.603	-11.2037513053
1.604	-11.1762927693
1.605	-11.1489897588
1.606	-11.1218428725
1.607	-11.094852617
1.608	-11.0680194127
1.609	-11.0413435947
1.61	-11.0148254168
1.611	-10.9884650556
1.612	-10.9622626123
1.613	-10.9362181165
1.614	-10.9103315287
1.615	-10.8846027437
1.616	-10.859031592
1.617	-10.8336178445
1.618	-10.8083612127
1.619	-10.7832613532
1.62	-10.7583178688
1.621	-10.7335303117
1.622	-10.7088981845
1.623	-10.6844209443
1.624	-10.6600980027
1.625	-10.6359287296
1.626	-10.6119124537
1.627	-10.5880484659
1.628	-10.56433602
1.629	-10.5407743349
1.63	-10.5173625961
1.631	-10.4940999582
1.632	-10.4709855451
1.633	-10.4480184533
1.634	-10.4251977516
1.635	-10.4025224843
1.636	-10.3799916711
1.637	-10.3576043096
1.638	-10.3353593758
1.639	-10.3132558264
1.64	-10.2912925985
1.641	-10.2694686126
1.642	-10.2477827721
1.643	-10.2262339658
1.644	-10.2048210676
1.645	-10.1835429391
1.646	-10.1623984291
1.647	-10.1413863756
1.648	-10.120505606
1.649	-10.0997549392
1.65	-10.0791331843
1.651	-10.0586391441
1.652	-10.0382716134
1.653	-10.018029382
1.654	-9.9979112336
1.655	-9.9779159477
1.656	-9.9580422995
1.657	-9.9382890616
1.658	-9.9186550032
1.659	-9.8991388923
1.66	-9.8797394946
1.661	-9.860455576
1.662	-9.841285901
1.663	-9.8222292353
1.664	-9.8032843446
1.665	-9.7844499964
1.666	-9.7657249593
1.667	-9.7471080044
1.668	-9.7285979052
1.669	-9.710193438
1.67	-9.6918933829
1.671	-9.673696523
1.672	-9.655601646
1.673	-9.6376075437
1.674	-9.6197130128
1.675	-9.6019168548
1.676	-9.5842178768
1.677	-9.566614891
1.678	-9.5491067157
1.679	-9.5316921762
1.68	-9.5143701025
1.681	-9.4971393321
1.682	-9.4799987093
1.683	-9.4629470853
1.684	-9.4459833186
1.685	-9.4291062742
1.686	-9.412314826
1.687	-9.3956078554
1.688	-9.3789842505
1.689	-9.3624429083
1.69	-9.3459827339
1.691	-9.3296026403
1.692	-9.3133015495
1.693	-9.2970783911
1.694	-9.2809321038
1.695	-9.2648616359
1.696	-9.2488659426
1.697	-9.2329439889
1.698	-9.2170947491
1.699	-9.2013172063
1.7	-9.185610351
1.701	-9.1699731856
1.702	-9.1544047202
1.703	-9.1389039736
1.704	-9.1234699748
1.705	-9.1081017612
1.706	-9.0927983804
1.707	-9.0775588882
1.708	-9.0623823514
1.709	-9.0472678439
1.71	-9.0322144507
1.711	-9.0172212656
1.712	-9.0022873912
1.713	-8.9874119403
1.714	-8.9725940347
1.715	-8.9578328052
1.716	-8.9431273926
1.717	-8.9284769461
1.718	-8.913880625
1.719	-8.8993375972
1.72	-8.8848470403
1.721	-8.8704081409
1.722	-8.8560200944
1.723	-8.8416821059
1.724	-8.8273933895
1.725	-8.8131531678
1.726	-8.7989606732
1.727	-8.7848151462
1.728	-8.7707158371
1.729	-8.7566620041
1.73	-8.7426529154
1.731	-8.7286878467
1.732	-8.7147660835
1.733	-8.7008869199
1.734	-8.6870496563
1.735	-8.6732536054
1.736	-8.6594980863
1.737	-8.6457824262
1.738	-8.6321059618
1.739	-8.6184680372
1.74	-8.6048680055
1.741	-8.5913052273
1.742	-8.577779072
1.743	-8.5642889164
1.744	-8.5508341459
1.745	-8.5374141533
1.746	-8.5240283399
1.747	-8.510676114
1.748	-8.4973568925
1.749	-8.4840700991
1.75	-8.4708151661
1.751	-8.4575915322
1.752	-8.4443986445
1.753	-8.431235957
1.754	-8.4181029312
1.755	-8.4049990357
1.756	-8.3919237466
1.757	-8.3788765466
1.758	-8.3658569261
1.759	-8.3528643818
1.76	-8.3398984179
1.761	-8.3269585449
1.762	-8.3140442806
1.763	-8.3011551489
1.764	-8.288290681
1.765	-8.2754504139
1.766	-8.2626338919
1.767	-8.249840665
1.768	-8.23707029
1.769	-8.2243223297
1.77	-8.2115963534
1.771	-8.1988919361
1.772	-8.1862086589
1.773	-8.1735461104
1.774	-8.1609038827
1.775	-8.148281575
1.776	-8.1356787927
1.777	-8.123095146
1.778	-8.1105302516
1.779	-8.0979837313
1.78	-8.0854552126
1.781	-8.0729443283
1.782	-8.0604507169
1.783	-8.0479740218
1.784	-8.0355138926
1.785	-8.0230699822
1.786	-8.0106419512
1.787	-7.9982294632
1.788	-7.9858321879
1.789	-7.9734497996
1.79	-7.9610819777
1.791	-7.9487284057
1.792	-7.9363887731
1.793	-7.9240627736
1.794	-7.9117501043
1.795	-7.8994504692
1.796	-7.8871635751
1.797	-7.8748891341
1.798	-7.8626268621
1.799	-7.85037648
1.8	-7.8381377126
1.801	-7.8259102891
1.802	-7.8136939429
1.803	-7.8014884115
1.804	-7.7892934363
1.805	-7.7771087631
1.806	-7.7649341414
1.807	-7.7527693248
1.808	-7.74061407
1.809	-7.7284681394
1.81	-7.7163312974
1.811	-7.7042033126
1.812	-7.6920839572
1.813	-7.6799730075
1.814	-7.6678702428
1.815	-7.6557754464
1.816	-7.6436884042
1.817	-7.6316089069
1.818	-7.6195367473
1.819	-7.6074717224
1.82	-7.5954136317
1.821	-7.5833622787
1.822	-7.5713174693
1.823	-7.5592790137
1.824	-7.5472467239
1.825	-7.5352204157
1.826	-7.5231999076
1.827	-7.5111850215
1.828	-7.4991755817
1.829	-7.4871714158
1.83	-7.4751723541
1.831	-7.4631782296
1.832	-7.4511888779
1.833	-7.4392041383
1.834	-7.4272238512
1.835	-7.4152478613
1.836	-7.4032760145
1.837	-7.3913081601
1.838	-7.3793441499
1.839	-7.3673838378
1.84	-7.3554270804
1.841	-7.3434737368
1.842	-7.3315236681
1.843	-7.3195767386
1.844	-7.3076328138
1.845	-7.2956917623
1.846	-7.2837534547
1.847	-7.2718177638
1.848	-7.2598845643
1.849	-7.2479537339
1.85	-7.2360251513
1.851	-7.2240986984
1.852	-7.212174258
1.853	-7.2002517161
1.854	-7.1883309598
1.855	-7.1764118787
1.856	-7.1644943639
1.857	-7.1525783088
1.858	-7.1406636084
1.859	-7.12875016
1.86	-7.1168378618
1.861	-7.1049266149
1.862	-7.0930163214
1.863	-7.0811068855
1.864	-7.0691982127
1.865	-7.0572902109
1.866	-7.0453827889
1.867	-7.033475858
1.868	-7.02156933
1.869	-7.0096631192
1.87	-6.9977571409
1.871	-6.9858513126
1.872	-6.9739455524
1.873	-6.9620397806
1.874	-6.9501339189
1.875	-6.9382278902
1.876	-6.9263216186
1.877	-6.9144150304
1.878	-6.9025080524
1.879	-6.8906006136
1.88	-6.8786926434
1.881	-6.8667840732
1.882	-6.8548748355
1.883	-6.842964864
1.884	-6.8310540938
1.885	-6.8191424613
1.886	-6.8072299036
1.887	-6.7953163597
1.888	-6.7834017691
1.889	-6.7714860733
1.89	-6.759569214
1.891	-6.7476511346
1.892	-6.7357317794
1.893	-6.7238110941
1.894	-6.7118890249
1.895	-6.6999655197
1.896	-6.6880405267
1.897	-6.676113996
1.898	-6.6641858778
1.899	-6.652256124
1.9	-6.6403246871
1.901	-6.6283915208
1.902	-6.6164565793
1.903	-6.6045198181
1.904	-6.5925811936
1.905	-6.5806406631
1.906	-6.5686981846
1.907	-6.5567537171
1.908	-6.5448072203
1.909	-6.5328586551
1.91	-6.5209079827
1.911	-6.5089551658
1.912	-6.497000167
1.913	-6.4850429508
1.914	-6.4730834812
1.915	-6.4611217241
1.916	-6.4491576454
1.917	-6.4371912124
1.918	-6.4252223923
1.919	-6.4132511539
1.92	-6.4012774657
1.921	-6.3893012978
1.922	-6.3773226208
1.923	-6.3653414052
1.924	-6.3533576235
1.925	-6.3413712474
1.926	-6.3293822506
1.927	-6.3173906061
1.928	-6.3053962888
1.929	-6.2933992732
1.93	-6.2813995349
1.931	-6.2693970498
1.932	-6.2573917948
1.933	-6.2453837469
1.934	-6.2333728841
1.935	-6.2213591844
1.936	-6.209342627
1.937	-6.1973231909
1.938	-6.1853008566
1.939	-6.1732756038
1.94	-6.1612474141
1.941	-6.1492162683
1.942	-6.1371821488
1.943	-6.1251450378
1.944	-6.1131049183
1.945	-6.1010617733
1.946	-6.089015587
1.947	-6.0769663434
1.948	-6.0649140273
1.949	-6.0528586236
1.95	-6.040800118
1.951	-6.0287384965
1.952	-6.0166737455
1.953	-6.0046058516
1.954	-5.9925348023
1.955	-5.9804605848
1.956	-5.9683831874
1.957	-5.9563025981
1.958	-5.9442188061
1.959	-5.9321318
1.96	-5.9200415696
1.961	-5.9079481045
1.962	-5.895851395
1.963	-5.8837514314
1.964	-5.8716482049
1.965	-5.8595417062
1.966	-5.8474319273
1.967	-5.8353188596
1.968	-5.8232024955
1.969	-5.8110828273
1.97	-5.798959848
1.971	-5.7868335503
1.972	-5.7747039279
1.973	-5.7625709742
1.974	-5.7504346832
1.975	-5.738295049
1.976	-5.7261520665
1.977	-5.71400573
1.978	-5.7018560348
1.979	-5.6897029761
1.98	-5.6775465496
1.981	-5.6653867507
1.982	-5.6532235759
1.983	-5.6410570213
1.984	-5.6288870836
1.985	-5.6167137592
1.986	-5.6045370457
1.987	-5.5923569398
1.988	-5.5801734394
1.989	-5.5679865417
1.99	-5.5557962452
1.991	-5.5436025475
1.992	-5.5314054476
1.993	-5.5192049433
1.994	-5.5070010339
1.995	-5.4947937178
1.996	-5.4825829949
1.997	-5.4703688641
1.998	-5.4581513249
1.999	-5.445930377
2	-5.4337060207
2.001	-5.4214782558
2.002	-5.4092470823
2.003	-5.383718741
2.004	-5.3498737298
2.005	-5.3080585552
2.006	-5.258608802
2.007	-5.2018494427
2.008	-5.1380951349
2.009	-5.0676505167
2.01	-4.9908104883
2.011	-4.9078604924
2.012	-4.8190767804
2.013	-4.7247266787
2.014	-4.6250688429
2.015	-4.5203535078
2.016	-4.4108227283
2.017	-4.2967106183
2.018	-4.1782435779
2.019	-4.0556405192
2.02	-3.9291130816
2.021	-3.7988658457
2.022	-3.6650965381
2.023	-3.5279962329
2.024	-3.3877495449
2.025	-3.2445348212
2.026	-3.0985243248
2.027	-2.9498844145
2.028	-2.7987757183
2.029	-2.6453533048
2.03	-2.4897668471
2.031	-2.3321607842
2.032	-2.1726744755
2.033	-2.0114423548
2.034	-1.848594076
2.035	-1.684254658
2.036	-1.5185446224
2.037	-1.3515801307
2.038	-1.1834731154
2.039	-1.0143314085
2.04	-0.8442588652
2.041	-0.6733554855
2.042	-0.5017175323
2.043	-0.3294376448
2.044	-0.1566049497
2.045	0.0166948299
2.046	0.1903792709
2.047	0.3643691466
2.048	0.5385883298
2.049	0.7129636947
2.05	0.887425024
2.051	1.0619049187
2.052	1.236338708
2.053	1.4106643665
2.054	1.5848224277
2.055	1.7587559054
2.056	1.9324102135
2.057	2.1057330916
2.058	2.2786745285
2.059	2.4511866921
2.06	2.6232238577
2.061	2.7947423426
2.062	2.9657004372
2.063	3.1360583432
2.064	3.3057781095
2.065	3.4748235742
2.066	3.6431603038
2.067	3.810755537
2.068	3.9775781292
2.069	4.1435985002
2.07	4.3087885799
2.071	4.4731217594
2.072	4.6365728407
2.073	4.7991179909
2.074	4.9607346937
2.075	5.1214017059
2.076	5.2810990134
2.077	5.4398077895
2.078	5.597510353
2.079	5.7541901292
2.08	5.9098316103
2.081	6.0644203196
2.082	6.2179427727
2.083	6.3703864463
2.084	6.5217397377
2.085	6.6719919384
2.086	6.8211331973
2.087	6.969154492
2.088	7.1160475963
2.089	7.2618050538
2.09	7.4064201464
2.091	7.5498868689
2.092	7.6921999011
2.093	7.8333545828
2.094	7.9733468876
2.095	8.1121733995
2.096	8.249831288
2.097	8.3863182876
2.098	8.521632673
2.099	8.6557732392
2.1	8.7887392798
2.101	8.9205305682
2.102	9.0511473363
2.103	9.1805902572
2.104	9.3088604251
2.105	9.4359593398
2.106	9.561888888
2.107	9.6866513266
2.108	9.8102492669
2.109	9.9326856601
2.11	10.0539637805
2.111	10.1740872119
2.112	10.2930598328
2.113	10.410885804
2.114	10.5275695539
2.115	10.6431157668
2.116	10.7575293695
2.117	10.8708155209
2.118	10.9829795988
2.119	11.0940271897
2.12	11.2039640772
2.121	11.3127962331
2.122	11.4205298055
2.123	11.5271711101
2.124	11.6327266203
2.125	11.737202959
2.126	11.8406068883
2.127	11.9429453029
2.128	12.0442252194
2.129	12.1444537718
2.13	12.2436382005
2.131	12.3417858472
2.132	12.4389041464
2.133	12.5350006201
2.134	12.6300828696
2.135	12.7241585704
2.136	12.8172354648
2.137	12.9093213575
2.138	13.0004241087
2.139	13.0905516293
2.14	13.1797118752
2.141	13.2679128429
2.142	13.3551625636
2.143	13.4414690998
2.144	13.5268405389
2.145	13.6112849913
2.146	13.6948105845
2.147	13.7774254593
2.148	13.8591377663
2.149	13.9399556626
2.15	14.0198873074
2.151	14.098940859
2.152	14.1771244715
2.153	14.2544462921
2.154	14.3309144575
2.155	14.4065370913
2.156	14.481322301
2.157	14.5552781761
2.158	14.628412785
2.159	14.7007341726
2.16	14.7722503578
2.161	14.8429693328
2.162	14.9128990589
2.163	14.9820474659
2.164	15.0504224496
2.165	15.1180318709
2.166	15.1848835528
2.167	15.2509852798
2.168	15.3163447956
2.169	15.3809698029
2.17	15.4448679603
2.171	15.5080468825
2.172	15.5705141378
2.173	15.6322772484
2.174	15.6933436881
2.175	15.753720882
2.176	15.8134162039
2.177	15.8724369789
2.178	15.9307904788
2.179	15.9884839233
2.18	16.0455244792
2.181	16.1019192587
2.182	16.1576753201
2.183	16.2127996663
2.184	16.2672992447
2.185	16.321180946
2.186	16.3744516052
2.187	16.4271179996
2.188	16.4791868497
2.189	16.5306648175
2.19	16.5815585078
2.191	16.6318744675
2.192	16.681619184
2.193	16.7307990865
2.194	16.779420546
2.195	16.8274898742
2.196	16.8750133239
2.197	16.9219970886
2.198	16.9684473035
2.199	17.0143700441
2.2	17.0597713264
2.201	17.1046571101
2.202	17.149033292
2.203	17.1929057129
2.204	17.236280154
2.205	17.2791623376
2.206	17.3215579284
2.207	17.3634725323
2.208	17.404911697
2.209	17.4458809125
2.21	17.4863856112
2.211	17.5264311682
2.212	17.566022901
2.213	17.6051660702
2.214	17.6438658805
2.215	17.6821274793
2.216	17.7199559586
2.217	17.7573563541
2.218	17.7943336461
2.219	17.8308927613
2.22	17.8670385698
2.221	17.9027758874
2.222	17.9381094766
2.223	17.9730440467
2.224	18.0075842522
2.225	18.0417346955
2.226	18.0754999268
2.227	18.1088844436
2.228	18.141892692
2.229	18.174529066
2.23	18.20679791
2.231	18.2387035163
2.232	18.2702501292
2.233	18.3014419406
2.234	18.3322830955
2.235	18.3627776887
2.236	18.3929297673
2.237	18.4227433297
2.238	18.4522223278
2.239	18.4813706657
2.24	18.5101922008
2.241	18.5386907444
2.242	18.5668700623
2.243	18.5947338747
2.244	18.6222858571
2.245	18.6495296393
2.246	18.6764688105
2.247	18.703106912
2.248	18.7294474449
2.249	18.7554938662
2.25	18.7812495917
2.251	18.8067179948
2.252	18.8319024078
2.253	18.8568061214
2.254	18.881432387
2.255	18.9057844153
2.256	18.9298653772
2.257	18.9536784047
2.258	18.9772265912
2.259	19.0005129917
2.26	19.0235406238
2.261	19.0463124655
2.262	19.0688314612
2.263	19.0911005173
2.264	19.1131225006
2.265	19.1349002482
2.266	19.1564365579
2.267	19.1777341938
2.268	19.198795885
2.269	19.2196243267
2.27	19.2402221806
2.271	19.2605920748
2.272	19.2807366047
2.273	19.3006583329
2.274	19.3203597904
2.275	19.3398434761
2.276	19.3591118577
2.277	19.3781673714
2.278	19.397012424
2.279	19.4156493911
2.28	19.434080619
2.281	19.452308424
2.282	19.4703350941
2.283	19.488162888
2.284	19.5057940363
2.285	19.5232307412
2.286	19.5404751781
2.287	19.5575294944
2.288	19.5743958108
2.289	19.591076221
2.29	19.6075727933
2.291	19.6238875695
2.292	19.6400225658
2.293	19.6559797732
2.294	19.671761158
2.295	19.6873686618
2.296	19.7028042018
2.297	19.7180696709
2.298	19.7331669394
2.299	19.7480978546
2.3	19.7628642357
2.301	19.7774678872
2.302	19.7919105862
2.303	19.8061940885
2.304	19.8203201282
2.305	19.8342904184
2.306	19.8481066491
2.307	19.861770492
2.308	19.8752835962
2.309	19.8886475913
2.31	19.9018640857
2.311	19.9149346693
2.312	19.9278609113
2.313	19.9406443621
2.314	19.9532865526
2.315	19.9657889955
2.316	19.9781531829
2.317	19.9903805944
2.318	20.0024726831
2.319	20.0144308901
2.32	20.0262566373
2.321	20.0379513291
2.322	20.0495163529
2.323	20.0609530793
2.324	20.0722628623
2.325	20.0834470393
2.326	20.0945069312
2.327	20.105443844
2.328	20.1162590665
2.329	20.126953873
2.33	20.1375295218
2.331	20.1479872567
2.332	20.1583283061
2.333	20.1685538831
2.334	20.1786651887
2.335	20.1886634063
2.336	20.1985497072
2.337	20.2083252484
2.338	20.2179911726
2.339	20.22754861
2.34	20.2369986764
2.341	20.246342475
2.342	20.2555810955
2.343	20.2647156154
2.344	20.273747099
2.345	20.2826765984
2.346	20.2915051531
2.347	20.3002337909
2.348	20.3088635272
2.349	20.3173953657
2.35	20.3258302984
2.351	20.334169306
2.352	20.3424133578
2.353	20.3505634115
2.354	20.3586204142
2.355	20.366585302
2.356	20.374459
2.357	20.3822424236
2.358	20.3899364762
2.359	20.3975420523
2.36	20.4050600353
2.361	20.4124912991
2.362	20.4198367072
2.363	20.4270971143
2.364	20.4342733642
2.365	20.4413662919
2.366	20.4483767224
2.367	20.4553054732
2.368	20.4621533501
2.369	20.4689211516
2.37	20.4756096667
2.371	20.4822196759
2.372	20.4887519508
2.373	20.4952072545
2.374	20.5015863416
2.375	20.5078899587
2.376	20.5141188437
2.377	20.5202737271
2.378	20.5263553295
2.379	20.5323643664
2.38	20.5383015438
2.381	20.5441675599
2.382	20.5499631059
2.383	20.5556888653
2.384	20.5613455142
2.385	20.5669337212
2.386	20.5724541478
2.387	20.5779074486
2.388	20.5832942707
2.389	20.5886152547
2.39	20.593871034
2.391	20.5990622356
2.392	20.6041894793
2.393	20.6092533786
2.394	20.6142545406
2.395	20.6191935657
2.396	20.624071048
2.397	20.6288875756
2.398	20.6336437295
2.399	20.6383400861
2.4	20.6429772137
2.401	20.6475556765
2.402	20.6520760326
2.403	20.6565388325
2.404	20.6609446226
2.405	20.6652939437
2.406	20.6695873295
2.407	20.6738253095
2.408	20.6780084072
2.409	20.6821371406
2.41	20.6862120224
2.411	20.6902335601
2.412	20.6942022559
2.413	20.6981186067
2.414	20.7019831041
2.415	20.705796235
2.416	20.7095584816
2.417	20.7132703203
2.418	20.7169322228
2.419	20.7205446566
2.42	20.7241080836
2.421	20.7276229617
2.422	20.7310897433
2.423	20.734508877
2.424	20.7378808062
2.425	20.7412059701
2.426	20.7444848032
2.427	20.7477177359
2.428	20.7509051938
2.429	20.7540475983
2.43	20.7571453666
2.431	20.7601989118
2.432	20.7632086423
2.433	20.7661749628
2.434	20.7690982738
2.435	20.7719789713
2.436	20.7748174479
2.437	20.7776140918
2.438	20.7803692872
2.439	20.783083415
2.44	20.7857568513
2.441	20.788389969
2.442	20.7909831369
2.443	20.7935367202
2.444	20.7960510805
2.445	20.7985265753
2.446	20.8009635589
2.447	20.8033623814
2.448	20.8057233901
2.449	20.8080469281
2.45	20.8103333352
2.451	20.8125829477
2.452	20.8147960984
2.453	20.8169731169
2.454	20.8191143291
2.455	20.8212200576
2.456	20.8232906218
2.457	20.8253263377
2.458	20.8273275182
2.459	20.8292944725
2.46	20.831227507
2.461	20.8331269249
2.462	20.8349930259
2.463	20.8368261068
2.464	20.8386264615
2.465	20.8403943802
2.466	20.8421301506
2.467	20.8438340571
2.468	20.8455063813
2.469	20.8471474014
2.47	20.848757393
2.471	20.8503366286
2.472	20.851885378
2.473	20.8534039076
2.474	20.8548924814
2.475	20.8563513604
2.476	20.8577808026
2.477	20.8591810636
2.478	20.8605523956
2.479	20.8618950486
2.48	20.8632092694
2.481	20.8644953025
2.482	20.8657533894
2.483	20.8669837687
2.484	20.8681866769
2.485	20.8693623473
2.486	20.8705110109
2.487	20.8716328959
2.488	20.8727282277
2.489	20.8737972298
2.49	20.8748401224
2.491	20.8758571235
2.492	20.8768484482
2.493	20.8778143098
2.494	20.8787549183
2.495	20.8796704817
2.496	20.8805612052
2.497	20.8814272919
2.498	20.8822689421
2.499	20.8830863537
2.5	20.8838797226
2.501	20.8846492418
2.502	20.885395102
2.503	20.8715503297
2.504	20.8486031822
2.505	20.816953601
2.506	20.7769884013
2.507	20.7290816559
2.508	20.6735950714
2.509	20.6108783504
2.51	20.5412695471
2.511	20.4650954105
2.512	20.3826717178
2.513	20.294303603
2.514	20.2002858688
2.515	20.1009032967
2.516	19.9964309446
2.517	19.887134437
2.518	19.7732702478
2.519	19.6550859738
2.52	19.5328206018
2.521	19.4067047678
2.522	19.2769610081
2.523	19.1438040048
2.524	19.0074408236
2.525	18.8680711431
2.526	18.7258874831
2.527	18.5810754192
2.528	18.4338137969
2.529	18.2842749371
2.53	18.1326248361
2.531	17.979023361
2.532	17.8236244375
2.533	17.6665762349
2.534	17.5080213434
2.535	17.3480969481
2.536	17.1869349972
2.537	17.0246623655
2.538	16.8614010133
2.539	16.6972681411
2.54	16.5323763389
2.541	16.3668337324
2.542	16.200744124
2.543	16.0342071304
2.544	15.8673183162
2.545	15.7001693218
2.546	15.5328479924
2.547	15.3654384969
2.548	15.1980214485
2.549	15.0306740187
2.55	14.86347005
2.551	14.6964801635
2.552	14.5297718653
2.553	14.3634096479
2.554	14.19745509
2.555	14.0319669526
2.556	13.8670012726
2.557	13.7026114537
2.558	13.5388483547
2.559	13.375760374
2.56	13.2133935341
2.561	13.0517915609
2.562	12.8909959624
2.563	12.7310461039
2.564	12.5719792825
2.565	12.4138307976
2.566	12.2566340203
2.567	12.1004204607
2.568	11.9452198329
2.569	11.7910601182
2.57	11.637967626
2.571	11.4859670537
2.572	11.3350815437
2.573	11.1853327401
2.574	11.0367408416
2.575	10.8893246552
2.576	10.743101646
2.577	10.5980879875
2.578	10.4542986085
2.579	10.3117472401
2.58	10.1704464602
2.581	10.030407737
2.582	9.8916414714
2.583	9.7541570376
2.584	9.6179628227
2.585	9.483066265
2.586	9.3494738913
2.587	9.2171913525
2.588	9.0862234588
2.589	8.956574213
2.59	8.8282468436
2.591	8.7012438357
2.592	8.5755669626
2.593	8.4512173144
2.594	8.3281953271
2.595	8.2065008104
2.596	8.0861329745
2.597	7.9670904558
2.598	7.8493713423
2.599	7.7329731978
2.6	7.6178930852
2.601	7.5041275897
2.602	7.3916728399
2.603	7.2805245303
2.604	7.1706779405
2.605	7.062127956
2.606	6.9548690869
2.607	6.8488954865
2.608	6.7442009693
2.609	6.6407790284
2.61	6.5386228515
2.611	6.4377253383
2.612	6.3380791147
2.613	6.2396765488
2.614	6.1425097647
2.615	6.0465706574
2.616	5.9518509051
2.617	5.8583419834
2.618	5.7660351771
2.619	5.6749215925
2.62	5.5849921693
2.621	5.4962376916
2.622	5.4086487989
2.623	5.3222159961
2.624	5.2369296646
2.625	5.1527800709
2.626	5.0697573764
2.627	4.9878516465
2.628	4.9070528591
2.629	4.8273509125
2.63	4.7487356345
2.631	4.6711967888
2.632	4.5947240831
2.633	4.5193071764
2.634	4.444935685
2.635	4.3715991899
2.636	4.2992872426
2.637	4.2279893711
2.638	4.157695086
2.639	4.088393886
2.64	4.0200752626
2.641	3.9527287063
2.642	3.8863437102
2.643	3.8209097758
2.644	3.7564164167
2.645	3.6928531633
2.646	3.6302095665
2.647	3.568475202
2.648	3.5076396737
2.649	3.4476926174
2.65	3.388623704
2.651	3.3304226431
2.652	3.2730791856
2.653	3.216583127
2.654	3.1609243097
2.655	3.1060926263
2.656	3.0520780216
2.657	2.9988704949
2.658	2.9464601025
2.659	2.89483696
2.66	2.8439912436
2.661	2.7939131929
2.662	2.7445931119
2.663	2.6960213709
2.664	2.6481884086
2.665	2.6010847324
2.666	2.5547009214
2.667	2.5090276259
2.668	2.4640555701
2.669	2.4197755525
2.67	2.3761784467
2.671	2.3332552031
2.672	2.2909968492
2.673	2.2493944904
2.674	2.2084393113
2.675	2.1681225758
2.676	2.1284356276
2.677	2.0893698916
2.678	2.0509168733
2.679	2.0130681602
2.68	1.9758154212
2.681	1.9391504078
2.682	1.903064954
2.683	1.8675509761
2.684	1.832600474
2.685	1.7982055297
2.686	1.764358309
2.687	1.7310510607
2.688	1.6982761163
2.689	1.6660258909
2.69	1.6342928824
2.691	1.6030696714
2.692	1.5723489217
2.693	1.5421233793
2.694	1.5123858729
2.695	1.483129313
2.696	1.4543466924
2.697	1.4260310851
2.698	1.3981756467
2.699	1.3707736136
2.7	1.3438183029
2.701	1.3173031117
2.702	1.2912215174
2.703	1.2655670761
2.704	1.2403334236
2.705	1.2155142738
2.706	1.1911034186
2.707	1.1670947276
2.708	1.1434821473
2.709	1.120259701
2.71	1.0974214879
2.711	1.0749616824
2.712	1.0528745342
2.713	1.0311543671
2.714	1.0097955787
2.715	0.98879264
2.716	0.9681400942
2.717	0.9478325571
2.718	0.9278647153
2.719	0.9082313265
2.72	0.8889272187
2.721	0.869947289
2.722	0.8512865038
2.723	0.8329398977
2.724	0.814902573
2.725	0.7971696986
2.726	0.7797365103
2.727	0.7625983094
2.728	0.745750462
2.729	0.729188399
2.73	0.7129076149
2.731	0.6969036673
2.732	0.681172176
2.733	0.665708823
2.734	0.6505093512
2.735	0.6355695639
2.736	0.6208853243
2.737	0.6064525548
2.738	0.5922672364
2.739	0.5783254075
2.74	0.5646231642
2.741	0.5511566589
2.742	0.5379221
2.743	0.524915751
2.744	0.5121339301
2.745	0.4995730094
2.746	0.4872294144
2.747	0.4750996233
2.748	0.4631801664
2.749	0.4514676252
2.75	0.4399586321
2.751	0.4286498699
2.752	0.4175380705
2.753	0.4066200152
2.754	0.3958925333
2.755	0.3853525021
2.756	0.3749968457
2.757	0.3648225349
2.758	0.3548265864
2.759	0.3450060623
2.76	0.3353580693
2.761	0.3258797583
2.762	0.3165683238
2.763	0.3074210035
2.764	0.298435077
2.765	0.2896078665
2.766	0.2809367349
2.767	0.2724190862
2.768	0.2640523646
2.769	0.2558340538
2.77	0.2477616769
2.771	0.2398327954
2.772	0.2320450089
2.773	0.2243959546
2.774	0.2168833067
2.775	0.209504776
2.776	0.2022581092
2.777	0.1951410886
2.778	0.1881515315
2.779	0.1812872895
2.78	0.1745462488
2.781	0.1679263284
2.782	0.161425481
2.783	0.1550416916
2.784	0.1487729774
2.785	0.1426173872
2.786	0.1365730013
2.787	0.1306379303
2.788	0.1248103156
2.789	0.1190883282
2.79	0.1134701686
2.791	0.1079540663
2.792	0.1025382796
2.793	0.0972210946
2.794	0.0920008254
2.795	0.0868758135
2.796	0.0818444272
2.797	0.0769050613
2.798	0.072056137
2.799	0.0672961009
2.8	0.0626234252
2.801	0.0580366072
2.802	0.0535341684
2.803	0.049114655
2.804	0.0447766367
2.805	0.040518707
2.806	0.0363394824
2.807	0.0322376022
2.808	0.0282117282
2.809	0.0242605443
2.81	0.0203827562
2.811	0.0165770909
2.812	0.0128422968
2.813	0.0091771427
2.814	0.0055804181
2.815	0.0020509327
2.816	-0.0014124841
2.817	-0.0048109834
2.818	-0.0081456972
2.819	-0.0114177381
2.82	-0.0146282005
2.821	-0.0177781605
2.822	-0.0208686759
2.823	-0.0239007868
2.824	-0.0268755161
2.825	-0.0297938691
2.826	-0.0326568344
2.827	-0.0354653839
2.828	-0.0382204731
2.829	-0.0409230413
2.83	-0.0435740121
2.831	-0.0461742933
2.832	-0.0487247773
2.833	-0.0512263414
2.834	-0.0536798482
2.835	-0.0560861455
2.836	-0.0584460666
2.837	-0.0607604307
2.838	-0.0630300431
2.839	-0.0652556953
2.84	-0.0674381653
2.841	-0.0695782179
2.842	-0.0716766046
2.843	-0.0737340645
2.844	-0.0757513234
2.845	-0.0777290952
2.846	-0.0796680813
2.847	-0.0815689711
2.848	-0.0834324422
2.849	-0.0852591606
2.85	-0.0870497806
2.851	-0.0888049456
2.852	-0.0905252875
2.853	-0.0922114276
2.854	-0.0938639764
2.855	-0.0954835338
2.856	-0.0970706893
2.857	-0.0986260224
2.858	-0.1001501022
2.859	-0.1016434884
2.86	-0.1031067306
2.861	-0.1045403691
2.862	-0.1059449346
2.863	-0.1073209489
2.864	-0.1086689243
2.865	-0.1099893647
2.866	-0.1112827646
2.867	-0.1125496105
2.868	-0.11379038
2.869	-0.1150055425
2.87	-0.1161955592
2.871	-0.1173608833
2.872	-0.1185019599
2.873	-0.1196192266
2.874	-0.120713113
2.875	-0.1217840413
2.876	-0.1228324264
2.877	-0.1238586759
2.878	-0.1248631901
2.879	-0.1258463624
2.88	-0.1268085792
2.881	-0.1277502203
2.882	-0.1286716584
2.883	-0.12957326
2.884	-0.1304553851
2.885	-0.1313183873
2.886	-0.1321626138
2.887	-0.132988406
2.888	-0.1337960989
2.889	-0.1345860218
2.89	-0.1353584983
2.891	-0.136113846
2.892	-0.136852377
2.893	-0.1375743979
2.894	-0.1382802097
2.895	-0.1389701084
2.896	-0.1396443843
2.897	-0.1403033229
2.898	-0.1409472046
2.899	-0.1415763045
2.9	-0.1421908933
2.901	-0.1427912364
2.902	-0.1433775947
2.903	-0.1439502246
2.904	-0.1445093777
2.905	-0.1450553012
2.906	-0.1455882377
2.907	-0.1461084259
2.908	-0.1466160999
2.909	-0.1471114896
2.91	-0.147594821
2.911	-0.1480663159
2.912	-0.1485261923
2.913	-0.1489746641
2.914	-0.1494119413
2.915	-0.1498382305
2.916	-0.1502537342
2.917	-0.1506586516
2.918	-0.1510531781
2.919	-0.1514375057
2.92	-0.1518118229
2.921	-0.1521763148
2.922	-0.1525311633
2.923	-0.1528765467
2.924	-0.1532126406
2.925	-0.1535396171
2.926	-0.1538576451
2.927	-0.1541668907
2.928	-0.1544675169
2.929	-0.154759684
2.93	-0.1550435488
2.931	-0.155319266
2.932	-0.1555869871
2.933	-0.1558468608
2.934	-0.1560990332
2.935	-0.1563436481
2.936	-0.1565808462
2.937	-0.1568107659
2.938	-0.1570335429
2.939	-0.1572493108
2.94	-0.1574582005
2.941	-0.1576603406
2.942	-0.1578558573
2.943	-0.1580448747
2.944	-0.1582275145
2.945	-0.1584038962
2.946	-0.158574137
2.947	-0.1587383524
2.948	-0.1588966553
2.949	-0.1590491568
2.95	-0.1591959661
2.951	-0.1593371902
2.952	-0.159472934
2.953	-0.159603301
2.954	-0.1597283924
2.955	-0.1598483075
2.956	-0.1599631444
2.957	-0.1600729985
2.958	-0.1601779642
2.959	-0.1602781339
2.96	-0.1603735982
2.961	-0.1604644463
2.962	-0.1605507656
2.963	-0.1606326419
2.964	-0.1607101596
2.965	-0.1607834013
2.966	-0.1608524483
2.967	-0.1609173804
2.968	-0.1609782757
2.969	-0.1610352112
2.97	-0.1610882622
2.971	-0.161137503
2.972	-0.1611830059
2.973	-0.1612248427
2.974	-0.1612630832
2.975	-0.1612977963
2.976	-0.1613290493
2.977	-0.1613569087
2.978	-0.1613814394
2.979	-0.1614027055
2.98	-0.1614207693
2.981	-0.1614356926
2.982	-0.1614475359
2.983	-0.1614563582
2.984	-0.1614622178
2.985	-0.161465172
2.986	-0.1614652767
2.987	-0.161462587
2.988	-0.1614571569
2.989	-0.1614490395
2.99	-0.1614382868
2.991	-0.1614249501
2.992	-0.1614090791
2.993	-0.1613907235
2.994	-0.1613699314
2.995	-0.1613467503
2.996	-0.1613212268
2.997	-0.1612934064
2.998	-0.1612633342
2.999	-0.161231054
3	-0.1611966092

