0	0
0.001	0
0.002	0
0.003	0
0.004	0
0.005	0
0.006	0
0.007	0
0.008	0
0.009	0
0.01	0
0.011	0
0.012	0
0.013	0
0.014	0
0.015	0
0.016	0
0.017	0
0.018	0
0.019	0
0.02	0
0.021	0
0.022	0
0.023	0
0.024	0
0.025	0
0.026	0
0.027	0
0.028	0
0.029	0
0.03	0
0.031	0
0.032	0
0.033	0
0.034	0
0.035	0
0.036	0
0.037	0
0.038	0
0.039	0
0.04	0
0.041	0
0.042	0
0.043	0
0.044	0
0.045	0
0.046	0
0.047	0
0.048	0
0.049	0
0.05	0
0.051	0
0.052	0
0.053	0
0.054	0
0.055	0
0.056	0
0.057	0
0.058	0
0.059	0
0.06	0
0.061	0
0.062	0
0.063	0
0.064	0
0.065	0
0.066	0
0.067	0
0.068	0
0.069	0
0.07	0
0.071	0
0.072	0
0.073	0
0.074	0
0.075	0
0.076	0
0.077	0
0.078	0
0.079	0
0.08	0
0.081	0
0.082	0
0.083	0
0.084	0
0.085	0
0.086	0
0.087	0
0.088	0
0.089	0
0.09	0
0.091	0
0.092	0
0.093	0
0.094	0
0.095	0
0.096	0
0.097	0
0.098	0
0.099	0
0.1	0
0.101	0
0.102	0
0.103	-3.19E-018
0.104	6.71E-014
0.105	1.04E-012
0.106	5.95E-012
0.107	2.20E-011
0.108	6.27E-011
0.109	1.51E-010
0.11	3.21E-010
0.111	6.23E-010
0.112	1.12E-009
0.113	1.91E-009
0.114	3.10E-009
0.115	4.83E-009
0.116	7.28E-009
0.117	1.06E-008
0.118	1.51E-008
0.119	2.11E-008
0.12	2.88E-008
0.121	3.85E-008
0.122	5.08E-008
0.123	6.61E-008
0.124	8.48E-008
0.125	1.07E-007
0.126	1.35E-007
0.127	1.67E-007
0.128	2.06E-007
0.129	2.51E-007
0.13	3.03E-007
0.131	3.64E-007
0.132	4.34E-007
0.133	5.14E-007
0.134	6.05E-007
0.135	7.08E-007
0.136	8.25E-007
0.137	9.55E-007
0.138	1.10E-006
0.139	1.26E-006
0.14	1.45E-006
0.141	1.65E-006
0.142	1.87E-006
0.143	2.11E-006
0.144	2.38E-006
0.145	2.67E-006
0.146	2.99E-006
0.147	3.33E-006
0.148	3.71E-006
0.149	4.11E-006
0.15	4.55E-006
0.151	5.02E-006
0.152	5.53E-006
0.153	6.08E-006
0.154	6.66E-006
0.155	7.29E-006
0.156	7.96E-006
0.157	8.67E-006
0.158	9.43E-006
0.159	1.02E-005
0.16	1.11E-005
0.161	1.20E-005
0.162	1.30E-005
0.163	1.40E-005
0.164	1.50E-005
0.165	1.62E-005
0.166	1.74E-005
0.167	1.86E-005
0.168	1.99E-005
0.169	2.13E-005
0.17	2.28E-005
0.171	2.43E-005
0.172	2.59E-005
0.173	2.75E-005
0.174	2.92E-005
0.175	3.10E-005
0.176	3.29E-005
0.177	3.49E-005
0.178	3.69E-005
0.179	3.91E-005
0.18	4.13E-005
0.181	4.35E-005
0.182	4.59E-005
0.183	4.84E-005
0.184	5.09E-005
0.185	5.36E-005
0.186	5.63E-005
0.187	5.91E-005
0.188	6.21E-005
0.189	6.51E-005
0.19	6.82E-005
0.191	7.14E-005
0.192	7.47E-005
0.193	7.81E-005
0.194	8.16E-005
0.195	8.53E-005
0.196	8.90E-005
0.197	9.28E-005
0.198	9.67E-005
0.199	0.0001007918
0.2	0.0001049425
0.201	0.0001092028
0.202	0.0001135736
0.203	0.0001180558
0.204	0.0001226503
0.205	0.0001273581
0.206	0.0001321799
0.207	0.0001371165
0.208	0.0001421689
0.209	0.0001473376
0.21	0.0001526235
0.211	0.0001580272
0.212	0.0001635495
0.213	0.0001691909
0.214	0.0001749522
0.215	0.0001808339
0.216	0.0001868365
0.217	0.0001929607
0.218	0.0001992069
0.219	0.0002055757
0.22	0.0002120675
0.221	0.0002186827
0.222	0.0002254218
0.223	0.0002322852
0.224	0.0002392733
0.225	0.0002463864
0.226	0.0002536248
0.227	0.0002609888
0.228	0.0002684788
0.229	0.000276095
0.23	0.0002838375
0.231	0.0002917068
0.232	0.0002997029
0.233	0.0003078261
0.234	0.0003160764
0.235	0.0003244541
0.236	0.0003329595
0.237	0.000341592
0.238	0.0003503524
0.239	0.0003592405
0.24	0.0003682564
0.241	0.0003774001
0.242	0.0003866717
0.243	0.0003960711
0.244	0.0004055984
0.245	0.0004152534
0.246	0.0004250362
0.247	0.0004349467
0.248	0.0004449849
0.249	0.0004551506
0.25	0.0004654438
0.251	0.0004758643
0.252	0.0004864121
0.253	0.0004970869
0.254	0.0005078887
0.255	0.0005188173
0.256	0.0005298725
0.257	0.0005410541
0.258	0.000552362
0.259	0.0005637959
0.26	0.0005753557
0.261	0.0005870411
0.262	0.0005988518
0.263	0.0006107878
0.264	0.0006228486
0.265	0.0006350341
0.266	0.0006473439
0.267	0.0006597779
0.268	0.0006723357
0.269	0.0006850171
0.27	0.0006978217
0.271	0.0007107493
0.272	0.0007237996
0.273	0.0007369722
0.274	0.0007502668
0.275	0.0007636831
0.276	0.0007772209
0.277	0.0007908796
0.278	0.0008046591
0.279	0.0008185587
0.28	0.0008325787
0.281	0.0008467182
0.282	0.000860977
0.283	0.000875355
0.284	0.0008898511
0.285	0.0009044657
0.286	0.0009191981
0.287	0.000934048
0.288	0.000949015
0.289	0.0009640987
0.29	0.0009792987
0.291	0.0009946147
0.292	0.0010100462
0.293	0.001025593
0.294	0.0010412545
0.295	0.0010570304
0.296	0.0010729203
0.297	0.0010889238
0.298	0.0011050405
0.299	0.0011212701
0.3	0.001137612
0.301	0.001154066
0.302	0.0011706315
0.303	0.0011873083
0.304	0.0012040959
0.305	0.0012209938
0.306	0.0012380018
0.307	0.0012551193
0.308	0.0012723461
0.309	0.0012896815
0.31	0.0013071255
0.311	0.0013246773
0.312	0.0013423367
0.313	0.0013601033
0.314	0.0013779767
0.315	0.0013959564
0.316	0.001414042
0.317	0.0014322332
0.318	0.0014505295
0.319	0.0014689306
0.32	0.001487436
0.321	0.0015060453
0.322	0.0015247582
0.323	0.0015435742
0.324	0.0015624929
0.325	0.001581514
0.326	0.001600637
0.327	0.0016198615
0.328	0.0016391873
0.329	0.0016586137
0.33	0.0016781406
0.331	0.0016977674
0.332	0.0017174938
0.333	0.0017373194
0.334	0.0017572437
0.335	0.0017772666
0.336	0.0017973874
0.337	0.0018176059
0.338	0.0018379217
0.339	0.0018583344
0.34	0.0018788435
0.341	0.0018994488
0.342	0.0019201499
0.343	0.0019409463
0.344	0.0019618378
0.345	0.0019828239
0.346	0.0020039043
0.347	0.0020250785
0.348	0.0020463463
0.349	0.0020677072
0.35	0.002089161
0.351	0.0021107072
0.352	0.0021323454
0.353	0.0021540754
0.354	0.0021758968
0.355	0.0021978091
0.356	0.0022198121
0.357	0.0022419054
0.358	0.0022640887
0.359	0.0022863616
0.36	0.0023087237
0.361	0.0023311747
0.362	0.0023537143
0.363	0.0023763421
0.364	0.0023990578
0.365	0.0024218611
0.366	0.0024447515
0.367	0.0024677288
0.368	0.0024907927
0.369	0.0025139428
0.37	0.0025371787
0.371	0.0025605002
0.372	0.002583907
0.373	0.0026073986
0.374	0.0026309748
0.375	0.0026546352
0.376	0.0026783796
0.377	0.0027022076
0.378	0.0027261188
0.379	0.0027501131
0.38	0.00277419
0.381	0.0027983493
0.382	0.0028225906
0.383	0.0028469137
0.384	0.0028713182
0.385	0.0028958038
0.386	0.0029203702
0.387	0.0029450172
0.388	0.0029697443
0.389	0.0029945514
0.39	0.0030194381
0.391	0.0030444041
0.392	0.0030694491
0.393	0.0030945729
0.394	0.0031197751
0.395	0.0031450555
0.396	0.0031704137
0.397	0.0031958495
0.398	0.0032213626
0.399	0.0032469528
0.4	0.0032726196
0.401	0.0032983629
0.402	0.0033241823
0.403	0.0033500776
0.404	0.0033760486
0.405	0.0034020948
0.406	0.0034282161
0.407	0.0034544122
0.408	0.0034806828
0.409	0.0035070277
0.41	0.0035334465
0.411	0.0035599391
0.412	0.003586505
0.413	0.0036131442
0.414	0.0036398562
0.415	0.003666641
0.416	0.0036934981
0.417	0.0037204273
0.418	0.0037474284
0.419	0.0037745011
0.42	0.0038016452
0.421	0.0038288603
0.422	0.0038561464
0.423	0.003883503
0.424	0.00391093
0.425	0.003938427
0.426	0.0039659939
0.427	0.0039936304
0.428	0.0040213363
0.429	0.0040491113
0.43	0.0040769551
0.431	0.0041048676
0.432	0.0041328484
0.433	0.0041608974
0.434	0.0041890143
0.435	0.0042171988
0.436	0.0042454508
0.437	0.0042737699
0.438	0.004302156
0.439	0.0043306088
0.44	0.0043591282
0.441	0.0043877137
0.442	0.0044163653
0.443	0.0044450827
0.444	0.0044738656
0.445	0.0045027139
0.446	0.0045316273
0.447	0.0045606055
0.448	0.0045896484
0.449	0.0046187558
0.45	0.0046479274
0.451	0.0046771629
0.452	0.0047064622
0.453	0.0047358251
0.454	0.0047652513
0.455	0.0047947406
0.456	0.0048242927
0.457	0.0048539076
0.458	0.0048835849
0.459	0.0049133245
0.46	0.0049431261
0.461	0.0049729895
0.462	0.0050029145
0.463	0.0050329009
0.464	0.0050629485
0.465	0.0050930571
0.466	0.0051232264
0.467	0.0051534563
0.468	0.0051837465
0.469	0.0052140969
0.47	0.0052445072
0.471	0.0052749773
0.472	0.0053055068
0.473	0.0053360957
0.474	0.0053667437
0.475	0.0053974507
0.476	0.0054282163
0.477	0.0054590405
0.478	0.005489923
0.479	0.0055208637
0.48	0.0055518622
0.481	0.0055829185
0.482	0.0056140323
0.483	0.0056452034
0.484	0.0056764317
0.485	0.0057077169
0.486	0.0057390589
0.487	0.0057704575
0.488	0.0058019124
0.489	0.0058334235
0.49	0.0058649906
0.491	0.0058966135
0.492	0.0059282919
0.493	0.0059600258
0.494	0.005991815
0.495	0.0060236592
0.496	0.0060555582
0.497	0.0060875119
0.498	0.0061195201
0.499	0.0061515826
0.5	0.0061836992
0.501	0.0062158698
0.502	0.0062480941
0.503	0.006280372
0.504	0.0063127032
0.505	0.0063450877
0.506	0.0063775252
0.507	0.0064100155
0.508	0.0064425585
0.509	0.006475154
0.51	0.0065078018
0.511	0.0065405018
0.512	0.0065732537
0.513	0.0066060574
0.514	0.0066389127
0.515	0.0066718194
0.516	0.0067047774
0.517	0.0067377865
0.518	0.0067708465
0.519	0.0068039572
0.52	0.0068371185
0.521	0.0068703302
0.522	0.0069035921
0.523	0.0069369041
0.524	0.006970266
0.525	0.0070036775
0.526	0.0070371387
0.527	0.0070706492
0.528	0.0071042089
0.529	0.0071378176
0.53	0.0071714753
0.531	0.0072051816
0.532	0.0072389365
0.533	0.0072727398
0.534	0.0073065913
0.535	0.0073404909
0.536	0.0073744383
0.537	0.0074084335
0.538	0.0074424762
0.539	0.0074765663
0.54	0.0075107037
0.541	0.0075448882
0.542	0.0075791196
0.543	0.0076133977
0.544	0.0076477224
0.545	0.0076820936
0.546	0.0077165111
0.547	0.0077509747
0.548	0.0077854843
0.549	0.0078200397
0.55	0.0078546407
0.551	0.0078892872
0.552	0.0079239791
0.553	0.0079587162
0.554	0.0079934983
0.555	0.0080283253
0.556	0.008063197
0.557	0.0080981133
0.558	0.008133074
0.559	0.008168079
0.56	0.008203128
0.561	0.0082382211
0.562	0.008273358
0.563	0.0083085385
0.564	0.0083437626
0.565	0.00837903
0.566	0.0084143406
0.567	0.0084496943
0.568	0.0084850909
0.569	0.0085205303
0.57	0.0085560123
0.571	0.0085915368
0.572	0.0086271036
0.573	0.0086627127
0.574	0.0086983637
0.575	0.0087340566
0.576	0.0087697913
0.577	0.0088055676
0.578	0.0088413854
0.579	0.0088772444
0.58	0.0089131447
0.581	0.0089490859
0.582	0.0089850681
0.583	0.009021091
0.584	0.0090571545
0.585	0.0090932585
0.586	0.0091294028
0.587	0.0091655873
0.588	0.0092018118
0.589	0.0092380762
0.59	0.0092743804
0.591	0.0093107242
0.592	0.0093471075
0.593	0.0093835302
0.594	0.0094199921
0.595	0.009456493
0.596	0.0094930329
0.597	0.0095296116
0.598	0.0095662289
0.599	0.0096028848
0.6	0.0096395791
0.601	0.0096763117
0.602	0.0097130823
0.603	0.009749891
0.604	0.0097867375
0.605	0.0098236218
0.606	0.0098605436
0.607	0.009897503
0.608	0.0099344996
0.609	0.0099715334
0.61	0.0100086043
0.611	0.0100457122
0.612	0.0100828568
0.613	0.0101200381
0.614	0.010157256
0.615	0.0101945103
0.616	0.0102318009
0.617	0.0102691276
0.618	0.0103064904
0.619	0.010343889
0.62	0.0103813235
0.621	0.0104187935
0.622	0.0104562991
0.623	0.0104938401
0.624	0.0105314164
0.625	0.0105690278
0.626	0.0106066742
0.627	0.0106443555
0.628	0.0106820716
0.629	0.0107198223
0.63	0.0107576076
0.631	0.0107954272
0.632	0.0108332811
0.633	0.0108711692
0.634	0.0109090912
0.635	0.0109470472
0.636	0.010985037
0.637	0.0110230604
0.638	0.0110611174
0.639	0.0110992077
0.64	0.0111373314
0.641	0.0111754882
0.642	0.0112136782
0.643	0.011251901
0.644	0.0112901567
0.645	0.011328445
0.646	0.0113667659
0.647	0.0114051193
0.648	0.0114435051
0.649	0.011481923
0.65	0.0115203731
0.651	0.0115588552
0.652	0.0115973691
0.653	0.0116359148
0.654	0.0116744922
0.655	0.0117131011
0.656	0.0117517414
0.657	0.011790413
0.658	0.0118291157
0.659	0.0118678496
0.66	0.0119066144
0.661	0.01194541
0.662	0.0119842364
0.663	0.0120230933
0.664	0.0120619808
0.665	0.0121008987
0.666	0.0121398468
0.667	0.0121788251
0.668	0.0122178335
0.669	0.0122568718
0.67	0.0122959399
0.671	0.0123350378
0.672	0.0123741653
0.673	0.0124133223
0.674	0.0124525087
0.675	0.0124917243
0.676	0.0125309691
0.677	0.012570243
0.678	0.0126095459
0.679	0.0126488776
0.68	0.012688238
0.681	0.0127276271
0.682	0.0127670447
0.683	0.0128064907
0.684	0.0128459651
0.685	0.0128854676
0.686	0.0129249983
0.687	0.0129645569
0.688	0.0130041434
0.689	0.0130437578
0.69	0.0130833998
0.691	0.0131230693
0.692	0.0131627664
0.693	0.0132024908
0.694	0.0132422425
0.695	0.0132820213
0.696	0.0133218272
0.697	0.0133616601
0.698	0.0134015198
0.699	0.0134414063
0.7	0.0134813194
0.701	0.0135212591
0.702	0.0135612252
0.703	0.0136012176
0.704	0.0136412363
0.705	0.0136812812
0.706	0.0137213521
0.707	0.0137614489
0.708	0.0138015716
0.709	0.01384172
0.71	0.0138818941
0.711	0.0139220938
0.712	0.0139623188
0.713	0.0140025693
0.714	0.014042845
0.715	0.0140831458
0.716	0.0141234717
0.717	0.0141638226
0.718	0.0142041983
0.719	0.0142445989
0.72	0.014285024
0.721	0.0143254738
0.722	0.014365948
0.723	0.0144064467
0.724	0.0144469696
0.725	0.0144875167
0.726	0.014528088
0.727	0.0145686832
0.728	0.0146093023
0.729	0.0146499453
0.73	0.014690612
0.731	0.0147313023
0.732	0.0147720162
0.733	0.0148127535
0.734	0.0148535142
0.735	0.0148942982
0.736	0.0149351053
0.737	0.0149759355
0.738	0.0150167887
0.739	0.0150576648
0.74	0.0150985636
0.741	0.0151394853
0.742	0.0151804295
0.743	0.0152213963
0.744	0.0152623855
0.745	0.0153033971
0.746	0.0153444309
0.747	0.015385487
0.748	0.0154265651
0.749	0.0154676652
0.75	0.0155087873
0.751	0.0155499311
0.752	0.0155910967
0.753	0.015632284
0.754	0.0156734928
0.755	0.0157147231
0.756	0.0157559748
0.757	0.0157972478
0.758	0.015838542
0.759	0.0158798574
0.76	0.0159211937
0.761	0.0159625511
0.762	0.0160039293
0.763	0.0160453283
0.764	0.0160867481
0.765	0.0161281884
0.766	0.0161696493
0.767	0.0162111306
0.768	0.0162526323
0.769	0.0162941543
0.77	0.0163356965
0.771	0.0163772589
0.772	0.0164188412
0.773	0.0164604435
0.774	0.0165020657
0.775	0.0165437077
0.776	0.0165853693
0.777	0.0166270507
0.778	0.0166687515
0.779	0.0167104718
0.78	0.0167522115
0.781	0.0167939705
0.782	0.0168357488
0.783	0.0168775461
0.784	0.0169193626
0.785	0.016961198
0.786	0.0170030523
0.787	0.0170449255
0.788	0.0170868174
0.789	0.0171287279
0.79	0.0171706571
0.791	0.0172126047
0.792	0.0172545708
0.793	0.0172965553
0.794	0.017338558
0.795	0.0173805789
0.796	0.017422618
0.797	0.017464675
0.798	0.0175067501
0.799	0.0175488431
0.8	0.0175909538
0.801	0.0176330823
0.802	0.0176752285
0.803	0.0177173923
0.804	0.0177595736
0.805	0.0178017723
0.806	0.0178439883
0.807	0.0178862217
0.808	0.0179284723
0.809	0.01797074
0.81	0.0180130248
0.811	0.0180553266
0.812	0.0180976453
0.813	0.0181399808
0.814	0.0181823332
0.815	0.0182247022
0.816	0.0182670878
0.817	0.01830949
0.818	0.0183519087
0.819	0.0183943438
0.82	0.0184367952
0.821	0.0184792629
0.822	0.0185217468
0.823	0.0185642468
0.824	0.0186067629
0.825	0.0186492949
0.826	0.0186918429
0.827	0.0187344067
0.828	0.0187769863
0.829	0.0188195815
0.83	0.0188621925
0.831	0.0189048189
0.832	0.0189474609
0.833	0.0189901183
0.834	0.019032791
0.835	0.019075479
0.836	0.0191181823
0.837	0.0191609007
0.838	0.0192036342
0.839	0.0192463826
0.84	0.0192891461
0.841	0.0193319244
0.842	0.0193747175
0.843	0.0194175254
0.844	0.0194603479
0.845	0.0195031851
0.846	0.0195460368
0.847	0.019588903
0.848	0.0196317836
0.849	0.0196746785
0.85	0.0197175877
0.851	0.0197605112
0.852	0.0198034487
0.853	0.0198464004
0.854	0.0198893661
0.855	0.0199323457
0.856	0.0199753393
0.857	0.0200183466
0.858	0.0200613677
0.859	0.0201044026
0.86	0.020147451
0.861	0.020190513
0.862	0.0202335886
0.863	0.0202766776
0.864	0.0203197799
0.865	0.0203628956
0.866	0.0204060245
0.867	0.0204491667
0.868	0.0204923219
0.869	0.0205354903
0.87	0.0205786716
0.871	0.0206218659
0.872	0.0206650731
0.873	0.0207082931
0.874	0.0207515258
0.875	0.0207947713
0.876	0.0208380294
0.877	0.0208813001
0.878	0.0209245833
0.879	0.020967879
0.88	0.021011187
0.881	0.0210545075
0.882	0.0210978401
0.883	0.0211411851
0.884	0.0211845421
0.885	0.0212279113
0.886	0.0212712925
0.887	0.0213146858
0.888	0.0213580909
0.889	0.0214015079
0.89	0.0214449368
0.891	0.0214883773
0.892	0.0215318296
0.893	0.0215752935
0.894	0.021618769
0.895	0.021662256
0.896	0.0217057545
0.897	0.0217492644
0.898	0.0217927857
0.899	0.0218363182
0.9	0.021879862
0.901	0.021923417
0.902	0.0219669831
0.903	0.0220105603
0.904	0.0220541485
0.905	0.0220977476
0.906	0.0221413577
0.907	0.0221849786
0.908	0.0222286103
0.909	0.0222722528
0.91	0.0223159059
0.911	0.0223595697
0.912	0.0224032441
0.913	0.0224469289
0.914	0.0224906243
0.915	0.02253433
0.916	0.0225780462
0.917	0.0226217726
0.918	0.0226655093
0.919	0.0227092562
0.92	0.0227530132
0.921	0.0227967804
0.922	0.0228405576
0.923	0.0228843448
0.924	0.0229281419
0.925	0.0229719489
0.926	0.0230157658
0.927	0.0230595924
0.928	0.0231034288
0.929	0.0231472748
0.93	0.0231911305
0.931	0.0232349958
0.932	0.0232788705
0.933	0.0233227548
0.934	0.0233666485
0.935	0.0234105516
0.936	0.023454464
0.937	0.0234983856
0.938	0.0235423165
0.939	0.0235862566
0.94	0.0236302058
0.941	0.0236741641
0.942	0.0237181314
0.943	0.0237621077
0.944	0.0238060929
0.945	0.023850087
0.946	0.0238940899
0.947	0.0239381016
0.948	0.0239821221
0.949	0.0240261512
0.95	0.024070189
0.951	0.0241142354
0.952	0.0241582903
0.953	0.0242023537
0.954	0.0242464256
0.955	0.0242905058
0.956	0.0243345944
0.957	0.0243786913
0.958	0.0244227965
0.959	0.0244669099
0.96	0.0245110314
0.961	0.0245551611
0.962	0.0245992988
0.963	0.0246434446
0.964	0.0246875983
0.965	0.0247317601
0.966	0.0247759296
0.967	0.024820107
0.968	0.0248642923
0.969	0.0249084852
0.97	0.0249526859
0.971	0.0249968943
0.972	0.0250411102
0.973	0.0250853338
0.974	0.0251295648
0.975	0.0251738034
0.976	0.0252180494
0.977	0.0252623028
0.978	0.0253065635
0.979	0.0253508316
0.98	0.0253951069
0.981	0.0254393894
0.982	0.0254836791
0.983	0.025527976
0.984	0.02557228
0.985	0.0256165909
0.986	0.0256609089
0.987	0.0257052339
0.988	0.0257495658
0.989	0.0257939046
0.99	0.0258382502
0.991	0.0258826026
0.992	0.0259269617
0.993	0.0259713276
0.994	0.0260157001
0.995	0.0260600793
0.996	0.026104465
0.997	0.0261488573
0.998	0.0261932561
0.999	0.0262376613
1	0.026282073
1.001	0.0263264911
1.002	0.0263709154
1.003	0.0264153461
1.004	0.0264597831
1.005	0.0265042262
1.006	0.0265486756
1.007	0.0265931311
1.008	0.0266375927
1.009	0.0266820603
1.01	0.026726534
1.011	0.0267710136
1.012	0.0268154992
1.013	0.0268599907
1.014	0.0269044881
1.015	0.0269489913
1.016	0.0269935003
1.017	0.027038015
1.018	0.0270825354
1.019	0.0271270615
1.02	0.0271715932
1.021	0.0272161305
1.022	0.0272606734
1.023	0.0273052218
1.024	0.0273497756
1.025	0.027394335
1.026	0.0274388997
1.027	0.0274834698
1.028	0.0275280452
1.029	0.0275726259
1.03	0.0276172119
1.031	0.027661803
1.032	0.0277063994
1.033	0.0277510009
1.034	0.0277956075
1.035	0.0278402192
1.036	0.027884836
1.037	0.0279294577
1.038	0.0279740844
1.039	0.028018716
1.04	0.0280633526
1.041	0.028107994
1.042	0.0281526402
1.043	0.0281972911
1.044	0.0282419469
1.045	0.0282866073
1.046	0.0283312725
1.047	0.0283759422
1.048	0.0284206167
1.049	0.0284652956
1.05	0.0285099792
1.051	0.0285546672
1.052	0.0285993597
1.053	0.0286440566
1.054	0.028688758
1.055	0.0287334637
1.056	0.0287781737
1.057	0.0288228881
1.058	0.0288676067
1.059	0.0289123296
1.06	0.0289570567
1.061	0.0290017879
1.062	0.0290465233
1.063	0.0290912628
1.064	0.0291360063
1.065	0.0291807539
1.066	0.0292255055
1.067	0.0292702611
1.068	0.0293150206
1.069	0.029359784
1.07	0.0294045513
1.071	0.0294493224
1.072	0.0294940974
1.073	0.0295388761
1.074	0.0295836586
1.075	0.0296284448
1.076	0.0296732347
1.077	0.0297180282
1.078	0.0297628254
1.079	0.0298076261
1.08	0.0298524304
1.081	0.0298972383
1.082	0.0299420496
1.083	0.0299868644
1.084	0.0300316827
1.085	0.0300765043
1.086	0.0301213293
1.087	0.0301661577
1.088	0.0302109894
1.089	0.0302558243
1.09	0.0303006626
1.091	0.030345504
1.092	0.0303903486
1.093	0.0304351965
1.094	0.0304800474
1.095	0.0305249015
1.096	0.0305697586
1.097	0.0306146187
1.098	0.030659482
1.099	0.0307043481
1.1	0.0307492173
1.101	0.0307940893
1.102	0.0308389643
1.103	0.0308838422
1.104	0.0309287229
1.105	0.0309736064
1.106	0.0310184927
1.107	0.0310633818
1.108	0.0311082735
1.109	0.031153168
1.11	0.0311980652
1.111	0.031242965
1.112	0.0312878674
1.113	0.0313327725
1.114	0.0313776801
1.115	0.0314225902
1.116	0.0314675029
1.117	0.031512418
1.118	0.0315573355
1.119	0.0316022556
1.12	0.0316471781
1.121	0.0316921028
1.122	0.03173703
1.123	0.0317819594
1.124	0.0318268912
1.125	0.0318718252
1.126	0.0319167615
1.127	0.0319617
1.128	0.0320066406
1.129	0.0320515835
1.13	0.0320965284
1.131	0.0321414755
1.132	0.0321864247
1.133	0.032231376
1.134	0.0322763292
1.135	0.0323212845
1.136	0.0323662417
1.137	0.032411201
1.138	0.0324561621
1.139	0.0325011252
1.14	0.0325460902
1.141	0.032591057
1.142	0.0326360256
1.143	0.0326809961
1.144	0.0327259683
1.145	0.0327709423
1.146	0.032815918
1.147	0.0328608954
1.148	0.0329058745
1.149	0.0329508553
1.15	0.0329958377
1.151	0.0330408218
1.152	0.0330858074
1.153	0.0331307946
1.154	0.0331757833
1.155	0.0332207735
1.156	0.0332657653
1.157	0.0333107586
1.158	0.0333557532
1.159	0.0334007493
1.16	0.0334457468
1.161	0.0334907457
1.162	0.0335357459
1.163	0.0335807475
1.164	0.0336257503
1.165	0.0336707545
1.166	0.0337157599
1.167	0.0337607666
1.168	0.0338057745
1.169	0.0338507835
1.17	0.0338957938
1.171	0.0339408051
1.172	0.0339858177
1.173	0.0340308313
1.174	0.0340758461
1.175	0.0341208619
1.176	0.0341658787
1.177	0.0342108965
1.178	0.0342559154
1.179	0.0343009352
1.18	0.034345956
1.181	0.0343909777
1.182	0.0344360003
1.183	0.0344810239
1.184	0.0345260482
1.185	0.0345710736
1.186	0.0346160995
1.187	0.0346611264
1.188	0.0347061541
1.189	0.0347511825
1.19	0.0347962117
1.191	0.0348412416
1.192	0.0348862722
1.193	0.0349313035
1.194	0.0349763353
1.195	0.035021368
1.196	0.0350664012
1.197	0.035111435
1.198	0.0351564694
1.199	0.0352015044
1.2	0.0352465399
1.201	0.0352915759
1.202	0.0353366124
1.203	0.0353816494
1.204	0.0354266868
1.205	0.0354717248
1.206	0.0355167632
1.207	0.0355618019
1.208	0.0356068409
1.209	0.0356518805
1.21	0.0356969204
1.211	0.0357419606
1.212	0.0357870011
1.213	0.0358320418
1.214	0.0358770829
1.215	0.0359221242
1.216	0.0359671657
1.217	0.0360122075
1.218	0.0360572495
1.219	0.0361022916
1.22	0.036147334
1.221	0.0361923763
1.222	0.0362374189
1.223	0.0362824616
1.224	0.0363275043
1.225	0.0363725472
1.226	0.0364175901
1.227	0.036462633
1.228	0.0365076759
1.229	0.0365527188
1.23	0.0365977618
1.231	0.0366428047
1.232	0.0366878475
1.233	0.0367328903
1.234	0.0367779329
1.235	0.0368229755
1.236	0.036868018
1.237	0.0369130603
1.238	0.0369581024
1.239	0.0370031445
1.24	0.0370481862
1.241	0.0370932279
1.242	0.0371382691
1.243	0.0371833103
1.244	0.0372283511
1.245	0.0372733917
1.246	0.037318432
1.247	0.037363472
1.248	0.0374085117
1.249	0.0374535512
1.25	0.03749859
1.251	0.0375436288
1.252	0.037588667
1.253	0.0376337047
1.254	0.0376787421
1.255	0.0377237791
1.256	0.0377688156
1.257	0.0378138516
1.258	0.0378588872
1.259	0.0379039223
1.26	0.0379489569
1.261	0.0379939909
1.262	0.0380390244
1.263	0.0380840573
1.264	0.0381290897
1.265	0.0381741215
1.266	0.0382191526
1.267	0.0382641832
1.268	0.0383092131
1.269	0.0383542424
1.27	0.038399271
1.271	0.0384442989
1.272	0.0384893261
1.273	0.0385343526
1.274	0.0385793786
1.275	0.0386244035
1.276	0.0386694278
1.277	0.0387144514
1.278	0.0387594741
1.279	0.0388044961
1.28	0.0388495173
1.281	0.0388945376
1.282	0.0389395571
1.283	0.0389845758
1.284	0.0390295936
1.285	0.0390746105
1.286	0.0391196265
1.287	0.0391646416
1.288	0.0392096558
1.289	0.0392546691
1.29	0.0392996814
1.291	0.0393446927
1.292	0.0393897031
1.293	0.0394347126
1.294	0.0394797209
1.295	0.0395247283
1.296	0.0395697346
1.297	0.0396147399
1.298	0.0396597442
1.299	0.0397047474
1.3	0.0397497495
1.301	0.0397947505
1.302	0.0398397505
1.303	0.0398847492
1.304	0.0399297469
1.305	0.0399747435
1.306	0.0400197386
1.307	0.040064733
1.308	0.0401097261
1.309	0.0401547179
1.31	0.0401997085
1.311	0.0402446979
1.312	0.0402896861
1.313	0.040334673
1.314	0.0403796586
1.315	0.0404246431
1.316	0.0404696263
1.317	0.0405146081
1.318	0.0405595887
1.319	0.0406045679
1.32	0.0406495458
1.321	0.0406945224
1.322	0.0407394976
1.323	0.0407844714
1.324	0.0408294439
1.325	0.0408744147
1.326	0.0409193846
1.327	0.040964353
1.328	0.0410093199
1.329	0.0410542853
1.33	0.0410992494
1.331	0.041144212
1.332	0.0411891731
1.333	0.0412341327
1.334	0.0412790908
1.335	0.0413240478
1.336	0.0413690026
1.337	0.0414139564
1.338	0.0414589083
1.339	0.0415038589
1.34	0.0415488079
1.341	0.0415937553
1.342	0.0416387012
1.343	0.0416836458
1.344	0.0417285882
1.345	0.0417735293
1.346	0.0418184688
1.347	0.0418634066
1.348	0.0419083429
1.349	0.0419532775
1.35	0.0419982104
1.351	0.0420431417
1.352	0.0420880713
1.353	0.0421329992
1.354	0.0421779254
1.355	0.0422228499
1.356	0.0422677727
1.357	0.0423126938
1.358	0.0423576131
1.359	0.0424025307
1.36	0.0424474466
1.361	0.0424923607
1.362	0.0425372733
1.363	0.0425821835
1.364	0.0426270928
1.365	0.0426719992
1.366	0.0427169043
1.367	0.0427618076
1.368	0.0428067093
1.369	0.0428516079
1.37	0.0428965059
1.371	0.0429414029
1.372	0.0429862966
1.373	0.0430311888
1.374	0.0430760792
1.375	0.0431209676
1.376	0.0431658538
1.377	0.0432107388
1.378	0.0432556211
1.379	0.0433005023
1.38	0.0433453812
1.381	0.0433902581
1.382	0.043435133
1.383	0.043480006
1.384	0.043524877
1.385	0.0435697461
1.386	0.0436146132
1.387	0.0436594782
1.388	0.0437043413
1.389	0.0437492024
1.39	0.0437940614
1.391	0.0438389184
1.392	0.0438837734
1.393	0.0439286263
1.394	0.0439734772
1.395	0.044018326
1.396	0.0440631728
1.397	0.0441080175
1.398	0.0441528601
1.399	0.0441977006
1.4	0.044242539
1.401	0.0442873753
1.402	0.0443322095
1.403	0.0443770415
1.404	0.0444218715
1.405	0.0444666993
1.406	0.0445115249
1.407	0.0445563485
1.408	0.0446011698
1.409	0.044645989
1.41	0.044690806
1.411	0.0447356208
1.412	0.0447804335
1.413	0.0448252439
1.414	0.0448700522
1.415	0.0449148582
1.416	0.044959662
1.417	0.0450044636
1.418	0.045049263
1.419	0.0450940601
1.42	0.045138855
1.421	0.0451836476
1.422	0.045228438
1.423	0.0452732261
1.424	0.045318012
1.425	0.0453627955
1.426	0.0454075768
1.427	0.0454523558
1.428	0.0454971325
1.429	0.0455419069
1.43	0.045586679
1.431	0.0456314487
1.432	0.0456762162
1.433	0.0457209813
1.434	0.0457657441
1.435	0.0458105045
1.436	0.0458552626
1.437	0.0459000183
1.438	0.0459447717
1.439	0.0459895234
1.44	0.046034272
1.441	0.0460790176
1.442	0.0461237614
1.443	0.0461685029
1.444	0.046213242
1.445	0.0462579787
1.446	0.0463027129
1.447	0.0463474448
1.448	0.0463921742
1.449	0.0464369012
1.45	0.0464816258
1.451	0.046526348
1.452	0.0465710677
1.453	0.0466157849
1.454	0.0466604997
1.455	0.0467052121
1.456	0.0467499219
1.457	0.0467946293
1.458	0.0468393351
1.459	0.0468840367
1.46	0.0469287367
1.461	0.0469734342
1.462	0.0470181292
1.463	0.0470628216
1.464	0.0471075116
1.465	0.0471521991
1.466	0.047196884
1.467	0.0472415661
1.468	0.0472862464
1.469	0.0473309237
1.47	0.0473755986
1.471	0.0474202709
1.472	0.0474649406
1.473	0.0475096075
1.474	0.0475542724
1.475	0.0475989345
1.476	0.047643594
1.477	0.047688251
1.478	0.0477329054
1.479	0.0477775572
1.48	0.0478222064
1.481	0.047866853
1.482	0.047911497
1.483	0.0479561385
1.484	0.0480007773
1.485	0.0480454135
1.486	0.0480900472
1.487	0.0481346782
1.488	0.0481793065
1.489	0.0482239323
1.49	0.0482685555
1.491	0.048313176
1.492	0.0483577938
1.493	0.0484024091
1.494	0.0484470217
1.495	0.0484916316
1.496	0.0485362389
1.497	0.0485808435
1.498	0.0486254455
1.499	0.0486700448
1.5	0.0487146415
1.501	0.0487592355
1.502	0.0488038268
1.503	0.0488475598
1.504	0.048890607
1.505	0.0489328998
1.506	0.0489743738
1.507	0.0490149687
1.508	0.0490546281
1.509	0.0490932993
1.51	0.0491309331
1.511	0.0491674837
1.512	0.0492029086
1.513	0.0492371685
1.514	0.049270227
1.515	0.0493020506
1.516	0.0493326085
1.517	0.0493618726
1.518	0.0493898173
1.519	0.0494164194
1.52	0.049441658
1.521	0.0494655145
1.522	0.0494879721
1.523	0.0495090163
1.524	0.0495286345
1.525	0.0495468158
1.526	0.049563551
1.527	0.0495788328
1.528	0.0495926553
1.529	0.0496050142
1.53	0.0496159064
1.531	0.0496253306
1.532	0.0496332864
1.533	0.0496397748
1.534	0.0496447981
1.535	0.0496483593
1.536	0.0496504629
1.537	0.0496511142
1.538	0.0496503193
1.539	0.0496480855
1.54	0.0496444207
1.541	0.0496393337
1.542	0.049632834
1.543	0.0496249317
1.544	0.0496156378
1.545	0.0496049637
1.546	0.0495929214
1.547	0.0495795236
1.548	0.0495647834
1.549	0.0495487142
1.55	0.0495313301
1.551	0.0495126455
1.552	0.0494926751
1.553	0.0494714339
1.554	0.0494489375
1.555	0.0494252014
1.556	0.0494002416
1.557	0.0493740744
1.558	0.0493467159
1.559	0.0493181829
1.56	0.049288492
1.561	0.0492576601
1.562	0.0492257043
1.563	0.0491926414
1.564	0.0491584889
1.565	0.0491232638
1.566	0.0490869835
1.567	0.0490496653
1.568	0.0490113265
1.569	0.0489719845
1.57	0.0489316567
1.571	0.0488903603
1.572	0.0488481126
1.573	0.0488049309
1.574	0.0487608324
1.575	0.0487158336
1.576	0.0486699533
1.577	0.0486232067
1.578	0.0485756112
1.579	0.0485271837
1.58	0.0484779407
1.581	0.0484278986
1.582	0.0483770745
1.583	0.048325484
1.584	0.0482731434
1.585	0.0482200688
1.586	0.048166276
1.587	0.0481117807
1.588	0.0480565985
1.589	0.0480007448
1.59	0.0479442348
1.591	0.0478870836
1.592	0.047829306
1.593	0.0477709169
1.594	0.0477119306
1.595	0.0476523617
1.596	0.0475922243
1.597	0.0475315324
1.598	0.0474702999
1.599	0.0474085403
1.6	0.0473462671
1.601	0.0472834937
1.602	0.047220233
1.603	0.0471564981
1.604	0.0470923015
1.605	0.0470276558
1.606	0.0469625736
1.607	0.0468970664
1.608	0.0468311468
1.609	0.0467648262
1.61	0.0466981164
1.611	0.0466310286
1.612	0.0465635742
1.613	0.0464957641
1.614	0.0464276092
1.615	0.0463591201
1.616	0.0462903074
1.617	0.0462211812
1.618	0.0461517517
1.619	0.046082029
1.62	0.0460120226
1.621	0.0459417423
1.622	0.0458711973
1.623	0.0458003971
1.624	0.0457293505
1.625	0.0456580666
1.626	0.0455865541
1.627	0.0455148217
1.628	0.0454428773
1.629	0.0453707296
1.63	0.0452983866
1.631	0.0452258562
1.632	0.0451531461
1.633	0.045080264
1.634	0.0450072174
1.635	0.0449340135
1.636	0.0448606595
1.637	0.0447871624
1.638	0.0447135292
1.639	0.0446397665
1.64	0.0445658809
1.641	0.0444918789
1.642	0.0444177668
1.643	0.0443435507
1.644	0.0442692368
1.645	0.0441948309
1.646	0.0441203389
1.647	0.0440457663
1.648	0.0439711188
1.649	0.0438964017
1.65	0.0438216204
1.651	0.04374678
1.652	0.0436718856
1.653	0.0435969422
1.654	0.0435219545
1.655	0.0434469273
1.656	0.0433718653
1.657	0.0432967728
1.658	0.0432216544
1.659	0.0431465144
1.66	0.0430713569
1.661	0.042996186
1.662	0.0429210057
1.663	0.04284582
1.664	0.0427706326
1.665	0.0426954473
1.666	0.0426202678
1.667	0.0425450974
1.668	0.0424699398
1.669	0.0423947983
1.67	0.0423196761
1.671	0.0422445765
1.672	0.0421695025
1.673	0.0420944573
1.674	0.0420194437
1.675	0.0419444648
1.676	0.0418695232
1.677	0.0417946217
1.678	0.0417197624
1.679	0.0416449498
1.68	0.0415701845
1.681	0.0414954696
1.682	0.0414208075
1.683	0.0413462005
1.684	0.0412716508
1.685	0.0411971609
1.686	0.041122732
1.687	0.0410483683
1.688	0.0409740698
1.689	0.0408998391
1.69	0.0408256782
1.691	0.0407515889
1.692	0.0406775731
1.693	0.0406036324
1.694	0.0405297684
1.695	0.0404559835
1.696	0.0403822785
1.697	0.0403086553
1.698	0.0402351153
1.699	0.04016166
1.7	0.0400882909
1.701	0.0400150092
1.702	0.0399418166
1.703	0.0398687141
1.704	0.0397957029
1.705	0.0397227845
1.706	0.0396499598
1.707	0.0395772296
1.708	0.0395045966
1.709	0.0394320601
1.71	0.0393596218
1.711	0.0392872829
1.712	0.0392150438
1.713	0.039142906
1.714	0.03907087
1.715	0.0389989369
1.716	0.0389271076
1.717	0.0388553827
1.718	0.0387837631
1.719	0.0387122495
1.72	0.0386408427
1.721	0.0385695441
1.722	0.038498352
1.723	0.0384272695
1.724	0.0383562964
1.725	0.0382854333
1.726	0.0382146807
1.727	0.0381440393
1.728	0.0380735094
1.729	0.0380030917
1.73	0.0379327866
1.731	0.0378625946
1.732	0.0377925162
1.733	0.0377225522
1.734	0.0376527014
1.735	0.037582966
1.736	0.0375133456
1.737	0.0374438407
1.738	0.0373744515
1.739	0.0373051785
1.74	0.0372360218
1.741	0.0371669818
1.742	0.0370980587
1.743	0.0370292528
1.744	0.0369605643
1.745	0.0368919934
1.746	0.0368235404
1.747	0.0367552053
1.748	0.0366869885
1.749	0.0366188901
1.75	0.0365509102
1.751	0.036483049
1.752	0.0364153065
1.753	0.036347683
1.754	0.0362801785
1.755	0.0362127931
1.756	0.0361455269
1.757	0.03607838
1.758	0.0360113525
1.759	0.0359444443
1.76	0.0358776556
1.761	0.0358109864
1.762	0.0357444366
1.763	0.0356780064
1.764	0.0356116957
1.765	0.0355455046
1.766	0.0354794329
1.767	0.0354134808
1.768	0.0353476482
1.769	0.0352819351
1.77	0.0352163414
1.771	0.0351508671
1.772	0.0350855118
1.773	0.0350202764
1.774	0.0349551599
1.775	0.0348901626
1.776	0.0348252844
1.777	0.0347605252
1.778	0.0346958846
1.779	0.0346313634
1.78	0.0345669607
1.781	0.0345026766
1.782	0.034438511
1.783	0.0343744639
1.784	0.0343105349
1.785	0.0342467244
1.786	0.0341830319
1.787	0.0341194573
1.788	0.0340560007
1.789	0.0339926613
1.79	0.0339294399
1.791	0.0338663356
1.792	0.0338033483
1.793	0.033740479
1.794	0.0336777261
1.795	0.03361509
1.796	0.0335525706
1.797	0.0334901679
1.798	0.0334278811
1.799	0.0333657108
1.8	0.0333036564
1.801	0.0332417179
1.802	0.0331798949
1.803	0.0331181875
1.804	0.0330565954
1.805	0.0329951184
1.806	0.0329337564
1.807	0.0328725091
1.808	0.0328113761
1.809	0.0327503579
1.81	0.032689454
1.811	0.0326286638
1.812	0.0325679875
1.813	0.032507425
1.814	0.0324469758
1.815	0.0323866398
1.816	0.032326417
1.817	0.0322663068
1.818	0.0322063096
1.819	0.0321464247
1.82	0.032086652
1.821	0.0320269914
1.822	0.0319674426
1.823	0.0319080056
1.824	0.03184868
1.825	0.0317894656
1.826	0.0317303623
1.827	0.0316713697
1.828	0.0316124877
1.829	0.0315537163
1.83	0.0314950551
1.831	0.0314365037
1.832	0.0313780622
1.833	0.0313197304
1.834	0.0312615078
1.835	0.0312033944
1.836	0.0311453901
1.837	0.0310874944
1.838	0.0310297073
1.839	0.0309720283
1.84	0.0309144577
1.841	0.0308569948
1.842	0.0307996398
1.843	0.0307423922
1.844	0.0306852519
1.845	0.0306282184
1.846	0.030571292
1.847	0.0305144722
1.848	0.0304577587
1.849	0.0304011516
1.85	0.0303446504
1.851	0.0302882548
1.852	0.030231965
1.853	0.0301757804
1.854	0.030119701
1.855	0.0300637266
1.856	0.0300078569
1.857	0.0299520917
1.858	0.0298964309
1.859	0.0298408741
1.86	0.0297854212
1.861	0.029730072
1.862	0.0296748263
1.863	0.0296196838
1.864	0.0295646443
1.865	0.0295097076
1.866	0.0294548736
1.867	0.0294001421
1.868	0.0293455128
1.869	0.0292909855
1.87	0.0292365599
1.871	0.029182236
1.872	0.0291280134
1.873	0.029073892
1.874	0.0290198716
1.875	0.028965952
1.876	0.0289121329
1.877	0.0288584141
1.878	0.0288047956
1.879	0.0287512771
1.88	0.0286978582
1.881	0.0286445388
1.882	0.028591319
1.883	0.0285381981
1.884	0.0284851763
1.885	0.0284322531
1.886	0.0283794285
1.887	0.0283267023
1.888	0.0282740741
1.889	0.028221544
1.89	0.0281691116
1.891	0.0281167767
1.892	0.0280645391
1.893	0.0280123987
1.894	0.0279603553
1.895	0.0279084087
1.896	0.0278565586
1.897	0.0278048048
1.898	0.0277531472
1.899	0.0277015856
1.9	0.0276501198
1.901	0.0275987496
1.902	0.0275474748
1.903	0.0274962951
1.904	0.0274452105
1.905	0.0273942207
1.906	0.0273433256
1.907	0.0272925248
1.908	0.0272418183
1.909	0.0271912059
1.91	0.0271406874
1.911	0.0270902626
1.912	0.0270399312
1.913	0.0269896932
1.914	0.0269395482
1.915	0.0268894962
1.916	0.0268395369
1.917	0.0267896703
1.918	0.026739896
1.919	0.0266902139
1.92	0.0266406238
1.921	0.0265911255
1.922	0.026541719
1.923	0.0264924038
1.924	0.0264431799
1.925	0.0263940472
1.926	0.0263450053
1.927	0.0262960541
1.928	0.0262471936
1.929	0.0261984234
1.93	0.0261497435
1.931	0.0261011535
1.932	0.0260526534
1.933	0.026004243
1.934	0.025955922
1.935	0.0259076903
1.936	0.0258595478
1.937	0.0258114943
1.938	0.0257635296
1.939	0.0257156534
1.94	0.0256678657
1.941	0.0256201663
1.942	0.0255725549
1.943	0.0255250315
1.944	0.0254775958
1.945	0.0254302477
1.946	0.025382987
1.947	0.0253358135
1.948	0.0252887271
1.949	0.0252417276
1.95	0.0251948148
1.951	0.0251479885
1.952	0.0251012487
1.953	0.0250545951
1.954	0.0250080275
1.955	0.0249615458
1.956	0.0249151498
1.957	0.0248688393
1.958	0.0248226142
1.959	0.0247764744
1.96	0.0247304196
1.961	0.0246844497
1.962	0.0246385645
1.963	0.0245927638
1.964	0.0245470477
1.965	0.0245014157
1.966	0.0244558678
1.967	0.0244104037
1.968	0.0243650234
1.969	0.0243197268
1.97	0.0242745136
1.971	0.0242293835
1.972	0.0241843367
1.973	0.0241393727
1.974	0.0240944915
1.975	0.024049693
1.976	0.024004977
1.977	0.0239603432
1.978	0.0239157916
1.979	0.023871322
1.98	0.0238269343
1.981	0.0237826282
1.982	0.0237384037
1.983	0.0236942605
1.984	0.0236501985
1.985	0.0236062176
1.986	0.0235623176
1.987	0.0235184984
1.988	0.0234747597
1.989	0.0234311015
1.99	0.0233875236
1.991	0.0233440258
1.992	0.0233006081
1.993	0.0232572701
1.994	0.0232140119
1.995	0.0231708331
1.996	0.0231277338
1.997	0.0230847137
1.998	0.0230417727
1.999	0.0229989106
2	0.0229561272
2.001	0.0229134226
2.002	0.0228707964
2.003	0.0228269981
2.004	0.022782105
2.005	0.0227359119
2.006	0.022688227
2.007	0.0226388707
2.008	0.0225876755
2.009	0.0225344855
2.01	0.0224791556
2.011	0.0224215515
2.012	0.0223615487
2.013	0.0222990326
2.014	0.0222338976
2.015	0.0221660473
2.016	0.0220953936
2.017	0.0220218565
2.018	0.0219453638
2.019	0.0218658508
2.02	0.02178326
2.021	0.0216975404
2.022	0.0216086479
2.023	0.0215165443
2.024	0.0214211974
2.025	0.0213225809
2.026	0.0212206735
2.027	0.0211154594
2.028	0.0210069276
2.029	0.0208950717
2.03	0.0207798898
2.031	0.0206613843
2.032	0.0205395614
2.033	0.0204144313
2.034	0.0202860079
2.035	0.0201543083
2.036	0.020019353
2.037	0.0198811654
2.038	0.019739772
2.039	0.019595202
2.04	0.0194474869
2.041	0.019296661
2.042	0.0191427606
2.043	0.0189858242
2.044	0.0188258924
2.045	0.0186630075
2.046	0.0184972135
2.047	0.0183285563
2.048	0.0181570828
2.049	0.0179828418
2.05	0.0178058829
2.051	0.0176262573
2.052	0.0174440168
2.053	0.0172592145
2.054	0.0170719042
2.055	0.0168821406
2.056	0.0166899789
2.057	0.0164954752
2.058	0.0162986858
2.059	0.0160996676
2.06	0.0158984781
2.061	0.0156951747
2.062	0.0154898153
2.063	0.015282458
2.064	0.015073161
2.065	0.0148619824
2.066	0.0146489805
2.067	0.0144342135
2.068	0.0142177396
2.069	0.0139996168
2.07	0.0137799027
2.071	0.0135586551
2.072	0.0133359313
2.073	0.0131117883
2.074	0.0128862827
2.075	0.012659471
2.076	0.012431409
2.077	0.0122021523
2.078	0.0119717559
2.079	0.0117402744
2.08	0.0115077618
2.081	0.0112742716
2.082	0.0110398561
2.083	0.0108045701
2.084	0.0105684629
2.085	0.0103315867
2.086	0.0100939919
2.087	0.0098557286
2.088	0.0096168462
2.089	0.009377393
2.09	0.0091374173
2.091	0.0088969664
2.092	0.0086560869
2.093	0.0084148246
2.094	0.0081732248
2.095	0.0079313321
2.096	0.0076891902
2.097	0.0074468423
2.098	0.0072043306
2.099	0.006961697
2.1	0.0067189822
2.101	0.0064762266
2.102	0.0062334695
2.103	0.0059907498
2.104	0.0057481056
2.105	0.0055055734
2.106	0.0052631918
2.107	0.0050209949
2.108	0.0047790183
2.109	0.0045372967
2.11	0.0042958637
2.111	0.0040547524
2.112	0.0038139952
2.113	0.0035736238
2.114	0.0033336692
2.115	0.0030941616
2.116	0.0028551308
2.117	0.0026166057
2.118	0.0023786147
2.119	0.0021411854
2.12	0.0019043448
2.121	0.0016681193
2.122	0.0014325347
2.123	0.001197616
2.124	0.0009633879
2.125	0.0007298742
2.126	0.0004970982
2.127	0.0002650826
2.128	3.38E-005
2.129	-0.0001965795
2.13	-0.0004261834
2.131	-0.0006549418
2.132	-0.0008828349
2.133	-0.0011098433
2.134	-0.0013359482
2.135	-0.0015611313
2.136	-0.001785375
2.137	-0.0020086619
2.138	-0.0022309753
2.139	-0.002452299
2.14	-0.0026726172
2.141	-0.0028919146
2.142	-0.0031101764
2.143	-0.0033273879
2.144	-0.0035435361
2.145	-0.0037586067
2.146	-0.0039725868
2.147	-0.0041854639
2.148	-0.0043972257
2.149	-0.0046078605
2.15	-0.0048173569
2.151	-0.0050257038
2.152	-0.0052328912
2.153	-0.0054389073
2.154	-0.0056437438
2.155	-0.0058473906
2.156	-0.0060498386
2.157	-0.006251079
2.158	-0.0064511032
2.159	-0.0066499033
2.16	-0.0068474713
2.161	-0.0070437998
2.162	-0.0072388815
2.163	-0.0074327097
2.164	-0.0076252777
2.165	-0.0078165792
2.166	-0.0080066082
2.167	-0.0081953591
2.168	-0.0083828262
2.169	-0.0085690045
2.17	-0.008753889
2.171	-0.0089374749
2.172	-0.009119758
2.173	-0.0093007339
2.174	-0.0094803986
2.175	-0.0096587485
2.176	-0.0098357802
2.177	-0.01001149
2.178	-0.0101858752
2.179	-0.0103589328
2.18	-0.01053066
2.181	-0.0107010544
2.182	-0.0108701138
2.183	-0.0110378358
2.184	-0.0112042188
2.185	-0.011369261
2.186	-0.0115329607
2.187	-0.0116953165
2.188	-0.0118563272
2.189	-0.0120159917
2.19	-0.0121743091
2.191	-0.0123312785
2.192	-0.0124868994
2.193	-0.0126411712
2.194	-0.0127940936
2.195	-0.0129456663
2.196	-0.0130958892
2.197	-0.0132447625
2.198	-0.0133922861
2.199	-0.0135384605
2.2	-0.0136832856
2.201	-0.0138267628
2.202	-0.013968892
2.203	-0.014109674
2.204	-0.0142491096
2.205	-0.0143871999
2.206	-0.0145239458
2.207	-0.0146593484
2.208	-0.0147934089
2.209	-0.0149261285
2.21	-0.0150575087
2.211	-0.0151875508
2.212	-0.0153162564
2.213	-0.0154436271
2.214	-0.0155696646
2.215	-0.0156943705
2.216	-0.0158177468
2.217	-0.0159397953
2.218	-0.0160605175
2.219	-0.0161799165
2.22	-0.0162979934
2.221	-0.0164147507
2.222	-0.0165301905
2.223	-0.016644315
2.224	-0.0167571266
2.225	-0.0168686275
2.226	-0.0169788201
2.227	-0.0170877069
2.228	-0.0171952904
2.229	-0.017301573
2.23	-0.0174065574
2.231	-0.0175102461
2.232	-0.0176126418
2.233	-0.0177137471
2.234	-0.0178135647
2.235	-0.0179120974
2.236	-0.018009348
2.237	-0.0181053193
2.238	-0.018200014
2.239	-0.0182934351
2.24	-0.0183855855
2.241	-0.018476468
2.242	-0.0185660856
2.243	-0.0186544413
2.244	-0.018741538
2.245	-0.0188273786
2.246	-0.0189119666
2.247	-0.0189953046
2.248	-0.0190773957
2.249	-0.0191582431
2.25	-0.0192378499
2.251	-0.0193162191
2.252	-0.0193933539
2.253	-0.0194692574
2.254	-0.0195439328
2.255	-0.0196173832
2.256	-0.0196896118
2.257	-0.0197606218
2.258	-0.0198304164
2.259	-0.0198989987
2.26	-0.0199663721
2.261	-0.0200325395
2.262	-0.0200975044
2.263	-0.0201612699
2.264	-0.0202238394
2.265	-0.0202852159
2.266	-0.0203454028
2.267	-0.0204044033
2.268	-0.0204622206
2.269	-0.020518858
2.27	-0.0205743188
2.271	-0.0206286061
2.272	-0.0206817233
2.273	-0.0207336736
2.274	-0.0207844602
2.275	-0.0208340865
2.276	-0.0208825556
2.277	-0.0209298708
2.278	-0.0209760354
2.279	-0.0210210527
2.28	-0.0210649258
2.281	-0.021107658
2.282	-0.0211492526
2.283	-0.0211897127
2.284	-0.0212290417
2.285	-0.0212672428
2.286	-0.0213043192
2.287	-0.021340274
2.288	-0.0213751107
2.289	-0.0214088322
2.29	-0.0214414419
2.291	-0.021472943
2.292	-0.0215033387
2.293	-0.0215326321
2.294	-0.0215608264
2.295	-0.0215879249
2.296	-0.0216139306
2.297	-0.0216388469
2.298	-0.0216626767
2.299	-0.021685423
2.3	-0.02170709
2.301	-0.0217276796
2.302	-0.0217471955
2.303	-0.0217656406
2.304	-0.0217830183
2.305	-0.0217993315
2.306	-0.0218145834
2.307	-0.021828777
2.308	-0.0218419155
2.309	-0.0218540019
2.31	-0.0218650393
2.311	-0.0218750308
2.312	-0.0218839794
2.313	-0.0218918882
2.314	-0.0218987602
2.315	-0.0219045984
2.316	-0.0219094059
2.317	-0.0219131857
2.318	-0.0219159407
2.319	-0.021917674
2.32	-0.0219183886
2.321	-0.0219180873
2.322	-0.0219167734
2.323	-0.0219144495
2.324	-0.0219111188
2.325	-0.0219067842
2.326	-0.0219014484
2.327	-0.0218951147
2.328	-0.0218877858
2.329	-0.0218794647
2.33	-0.0218701541
2.331	-0.0218598571
2.332	-0.0218485765
2.333	-0.021836315
2.334	-0.0218230759
2.335	-0.0218088617
2.336	-0.0217936753
2.337	-0.0217775195
2.338	-0.0217603973
2.339	-0.0217423113
2.34	-0.0217232644
2.341	-0.0217032595
2.342	-0.0216822992
2.343	-0.0216603864
2.344	-0.0216375239
2.345	-0.0216137143
2.346	-0.0215889605
2.347	-0.0215632652
2.348	-0.0215366311
2.349	-0.0215090609
2.35	-0.0214805574
2.351	-0.0214511233
2.352	-0.0214207613
2.353	-0.021389474
2.354	-0.0213572642
2.355	-0.0213241345
2.356	-0.0212900866
2.357	-0.021255126
2.358	-0.0212192525
2.359	-0.0211824698
2.36	-0.0211447804
2.361	-0.0211061869
2.362	-0.0210666916
2.363	-0.0210262983
2.364	-0.0209850083
2.365	-0.0209428247
2.366	-0.0208997493
2.367	-0.0208557867
2.368	-0.0208109375
2.369	-0.0207652049
2.37	-0.0207185915
2.371	-0.0206710997
2.372	-0.0206227321
2.373	-0.0205734912
2.374	-0.0205233795
2.375	-0.0204723996
2.376	-0.0204205538
2.377	-0.0203678453
2.378	-0.0203142749
2.379	-0.0202598467
2.38	-0.0202045626
2.381	-0.020148425
2.382	-0.0200914364
2.383	-0.0200335993
2.384	-0.019974916
2.385	-0.019915389
2.386	-0.0198550207
2.387	-0.0197938133
2.388	-0.0197317698
2.389	-0.019668892
2.39	-0.0196051824
2.391	-0.0195406435
2.392	-0.0194752776
2.393	-0.019409087
2.394	-0.0193420742
2.395	-0.0192742415
2.396	-0.0192055911
2.397	-0.0191361255
2.398	-0.0190658469
2.399	-0.0189947583
2.4	-0.0189228601
2.401	-0.0188501567
2.402	-0.0187766498
2.403	-0.0187023405
2.404	-0.0186272316
2.405	-0.0185513292
2.406	-0.0184746282
2.407	-0.0183971363
2.408	-0.0183188544
2.409	-0.0182397845
2.41	-0.018159929
2.411	-0.0180792905
2.412	-0.0179978699
2.413	-0.0179156707
2.414	-0.0178326948
2.415	-0.0177489457
2.416	-0.0176644215
2.417	-0.0175791285
2.418	-0.0174930674
2.419	-0.0174062405
2.42	-0.01731865
2.421	-0.0172302979
2.422	-0.0171411865
2.423	-0.0170513179
2.424	-0.0169606943
2.425	-0.0168693177
2.426	-0.0167771904
2.427	-0.0166843144
2.428	-0.0165906918
2.429	-0.0164963248
2.43	-0.0164012159
2.431	-0.0163053659
2.432	-0.0162087782
2.433	-0.0161114544
2.434	-0.0160133966
2.435	-0.015914607
2.436	-0.0158150875
2.437	-0.0157148402
2.438	-0.0156138684
2.439	-0.0155121706
2.44	-0.0154097523
2.441	-0.0153066144
2.442	-0.0152027589
2.443	-0.015098188
2.444	-0.0149929035
2.445	-0.0148869075
2.446	-0.014780202
2.447	-0.014672789
2.448	-0.0145646705
2.449	-0.0144558485
2.45	-0.014346325
2.451	-0.0142361019
2.452	-0.0141251813
2.453	-0.0140135651
2.454	-0.0139012552
2.455	-0.0137882537
2.456	-0.0136745624
2.457	-0.0135601833
2.458	-0.0134451184
2.459	-0.0133293696
2.46	-0.0132129387
2.461	-0.0130958279
2.462	-0.0129780388
2.463	-0.0128595736
2.464	-0.012740434
2.465	-0.012620622
2.466	-0.0125001395
2.467	-0.0123789883
2.468	-0.0122571704
2.469	-0.0121346876
2.47	-0.0120115419
2.471	-0.011887735
2.472	-0.0117632688
2.473	-0.0116381452
2.474	-0.0115123661
2.475	-0.0113859333
2.476	-0.0112588487
2.477	-0.011131114
2.478	-0.0110027312
2.479	-0.010873702
2.48	-0.0107440278
2.481	-0.0106137119
2.482	-0.0104827545
2.483	-0.0103511581
2.484	-0.0102189245
2.485	-0.0100860553
2.486	-0.0099525525
2.487	-0.0098184177
2.488	-0.0096836528
2.489	-0.0095482596
2.49	-0.0094122399
2.491	-0.0092755957
2.492	-0.0091383277
2.493	-0.0090004389
2.494	-0.0088619305
2.495	-0.0087228044
2.496	-0.0085830619
2.497	-0.0084427058
2.498	-0.0083017369
2.499	-0.0081601565
2.5	-0.0080179683
2.501	-0.0078751721
2.502	-0.0077317703
2.503	-0.0075909193
2.504	-0.0074515047
2.505	-0.0073134925
2.506	-0.0071768523
2.507	-0.0070415572
2.508	-0.0069075829
2.509	-0.0067749086
2.51	-0.0066435156
2.511	-0.0065133877
2.512	-0.0063845114
2.513	-0.0062568752
2.514	-0.0061304674
2.515	-0.0060052818
2.516	-0.0058813109
2.517	-0.0057585496
2.518	-0.005636994
2.519	-0.005516641
2.52	-0.0053974888
2.521	-0.0052795365
2.522	-0.0051627837
2.523	-0.0050472308
2.524	-0.0049328789
2.525	-0.004819729
2.526	-0.0047077832
2.527	-0.0045970435
2.528	-0.004487512
2.529	-0.0043791913
2.53	-0.0042720836
2.531	-0.0041661916
2.532	-0.0040615177
2.533	-0.0039580642
2.534	-0.0038558333
2.535	-0.0037548272
2.536	-0.0036550476
2.537	-0.0035564962
2.538	-0.0034591743
2.539	-0.0033630829
2.54	-0.0032682229
2.541	-0.0031745945
2.542	-0.0030821978
2.543	-0.0029910324
2.544	-0.0029010978
2.545	-0.0028123926
2.546	-0.0027249155
2.547	-0.0026386645
2.548	-0.0025536373
2.549	-0.0024698312
2.55	-0.0023872432
2.551	-0.0023058695
2.552	-0.0022257064
2.553	-0.0021467495
2.554	-0.0020689941
2.555	-0.0019924351
2.556	-0.0019170669
2.557	-0.0018428837
2.558	-0.0017698794
2.559	-0.0016980472
2.56	-0.0016273803
2.561	-0.0015578715
2.562	-0.0014895131
2.563	-0.0014222973
2.564	-0.0013562159
2.565	-0.0012912603
2.566	-0.0012274218
2.567	-0.0011646914
2.568	-0.0011030599
2.569	-0.0010425176
2.57	-0.0009830549
2.571	-0.0009246617
2.572	-0.000867328
2.573	-0.0008110433
2.574	-0.0007557971
2.575	-0.0007015787
2.576	-0.0006483772
2.577	-0.0005961816
2.578	-0.0005449808
2.579	-0.0004947635
2.58	-0.0004455183
2.581	-0.0003972337
2.582	-0.0003498982
2.583	-0.0003035002
2.584	-0.0002580279
2.585	-0.0002134694
2.586	-0.0001698131
2.587	-0.0001270471
2.588	-8.52E-005
2.589	-4.41E-005
2.59	-3.97E-006
2.591	3.54E-005
2.592	7.38E-005
2.593	0.0001115218
2.594	0.0001483901
2.595	0.0001844635
2.596	0.000219754
2.597	0.0002542733
2.598	0.0002880332
2.599	0.0003210455
2.6	0.0003533218
2.601	0.0003848739
2.602	0.0004157131
2.603	0.0004458511
2.604	0.0004752993
2.605	0.0005040689
2.606	0.0005321713
2.607	0.0005596176
2.608	0.0005864189
2.609	0.0006125862
2.61	0.0006381304
2.611	0.0006630623
2.612	0.0006873925
2.613	0.0007111317
2.614	0.0007342903
2.615	0.0007568787
2.616	0.0007789072
2.617	0.0008003859
2.618	0.0008213249
2.619	0.000841734
2.62	0.0008616231
2.621	0.0008810017
2.622	0.0008998796
2.623	0.0009182661
2.624	0.0009361706
2.625	0.0009536022
2.626	0.0009705699
2.627	0.0009870829
2.628	0.0010031498
2.629	0.0010187793
2.63	0.0010339801
2.631	0.0010487606
2.632	0.0010631291
2.633	0.0010770937
2.634	0.0010906627
2.635	0.0011038439
2.636	0.0011166452
2.637	0.0011290743
2.638	0.0011411387
2.639	0.0011528459
2.64	0.0011642033
2.641	0.0011752181
2.642	0.0011858973
2.643	0.0011962481
2.644	0.0012062772
2.645	0.0012159914
2.646	0.0012253973
2.647	0.0012345015
2.648	0.0012433103
2.649	0.0012518301
2.65	0.0012600671
2.651	0.0012680272
2.652	0.0012757166
2.653	0.0012831409
2.654	0.0012903061
2.655	0.0012972177
2.656	0.0013038813
2.657	0.0013103023
2.658	0.001316486
2.659	0.0013224378
2.66	0.0013281626
2.661	0.0013336657
2.662	0.0013389518
2.663	0.001344026
2.664	0.0013488928
2.665	0.001353557
2.666	0.0013580232
2.667	0.0013622959
2.668	0.0013663794
2.669	0.001370278
2.67	0.001373996
2.671	0.0013775375
2.672	0.0013809066
2.673	0.0013841072
2.674	0.0013871433
2.675	0.0013900186
2.676	0.0013927369
2.677	0.0013953018
2.678	0.0013977171
2.679	0.001399986
2.68	0.0014021122
2.681	0.0014040989
2.682	0.0014059495
2.683	0.0014076672
2.684	0.0014092551
2.685	0.0014107165
2.686	0.0014120542
2.687	0.0014132712
2.688	0.0014143705
2.689	0.001415355
2.69	0.0014162273
2.691	0.0014169902
2.692	0.0014176465
2.693	0.0014181986
2.694	0.0014186491
2.695	0.0014190006
2.696	0.0014192555
2.697	0.0014194162
2.698	0.001419485
2.699	0.0014194641
2.7	0.001419356
2.701	0.0014191626
2.702	0.0014188863
2.703	0.001418529
2.704	0.0014180928
2.705	0.0014175797
2.706	0.0014169917
2.707	0.0014163308
2.708	0.0014155986
2.709	0.0014147972
2.71	0.0014139283
2.711	0.0014129937
2.712	0.001411995
2.713	0.0014109339
2.714	0.0014098121
2.715	0.0014086312
2.716	0.0014073927
2.717	0.0014060982
2.718	0.0014047491
2.719	0.001403347
2.72	0.0014018932
2.721	0.0014003892
2.722	0.0013988363
2.723	0.0013972358
2.724	0.0013955891
2.725	0.0013938974
2.726	0.001392162
2.727	0.0013903841
2.728	0.0013885648
2.729	0.0013867054
2.73	0.0013848069
2.731	0.0013828705
2.732	0.0013808973
2.733	0.0013788883
2.734	0.0013768446
2.735	0.0013747671
2.736	0.0013726569
2.737	0.0013705149
2.738	0.0013683421
2.739	0.0013661393
2.74	0.0013639075
2.741	0.0013616476
2.742	0.0013593604
2.743	0.0013570468
2.744	0.0013547075
2.745	0.0013523434
2.746	0.0013499553
2.747	0.0013475439
2.748	0.0013451099
2.749	0.0013426542
2.75	0.0013401773
2.751	0.00133768
2.752	0.001335163
2.753	0.001332627
2.754	0.0013300725
2.755	0.0013275002
2.756	0.0013249108
2.757	0.0013223048
2.758	0.0013196828
2.759	0.0013170453
2.76	0.0013143931
2.761	0.0013117265
2.762	0.0013090462
2.763	0.0013063526
2.764	0.0013036463
2.765	0.0013009278
2.766	0.0012981974
2.767	0.0012954558
2.768	0.0012927034
2.769	0.0012899406
2.77	0.0012871679
2.771	0.0012843857
2.772	0.0012815944
2.773	0.0012787944
2.774	0.0012759861
2.775	0.00127317
2.776	0.0012703463
2.777	0.0012675156
2.778	0.001264678
2.779	0.0012618341
2.78	0.001258984
2.781	0.0012561283
2.782	0.0012532671
2.783	0.0012504008
2.784	0.0012475298
2.785	0.0012446543
2.786	0.0012417746
2.787	0.0012388911
2.788	0.0012360039
2.789	0.0012331134
2.79	0.0012302199
2.791	0.0012273236
2.792	0.0012244247
2.793	0.0012215236
2.794	0.0012186204
2.795	0.0012157154
2.796	0.0012128089
2.797	0.001209901
2.798	0.001206992
2.799	0.0012040821
2.8	0.0012011714
2.801	0.0011982603
2.802	0.0011953489
2.803	0.0011924374
2.804	0.0011895259
2.805	0.0011866148
2.806	0.0011837041
2.807	0.001180794
2.808	0.0011778847
2.809	0.0011749763
2.81	0.0011720691
2.811	0.0011691632
2.812	0.0011662587
2.813	0.0011633558
2.814	0.0011604546
2.815	0.0011575553
2.816	0.001154658
2.817	0.0011517628
2.818	0.00114887
2.819	0.0011459795
2.82	0.0011430916
2.821	0.0011402063
2.822	0.0011373237
2.823	0.0011344441
2.824	0.0011315674
2.825	0.0011286939
2.826	0.0011258235
2.827	0.0011229565
2.828	0.0011200929
2.829	0.0011172328
2.83	0.0011143763
2.831	0.0011115234
2.832	0.0011086744
2.833	0.0011058292
2.834	0.001102988
2.835	0.0011001509
2.836	0.0010973178
2.837	0.0010944889
2.838	0.0010916643
2.839	0.0010888441
2.84	0.0010860282
2.841	0.0010832169
2.842	0.0010804101
2.843	0.0010776078
2.844	0.0010748103
2.845	0.0010720175
2.846	0.0010692295
2.847	0.0010664464
2.848	0.0010636682
2.849	0.0010608949
2.85	0.0010581267
2.851	0.0010553635
2.852	0.0010526054
2.853	0.0010498525
2.854	0.0010471048
2.855	0.0010443624
2.856	0.0010416253
2.857	0.0010388935
2.858	0.001036167
2.859	0.001033446
2.86	0.0010307305
2.861	0.0010280204
2.862	0.0010253159
2.863	0.0010226169
2.864	0.0010199235
2.865	0.0010172358
2.866	0.0010145537
2.867	0.0010118773
2.868	0.0010092066
2.869	0.0010065416
2.87	0.0010038824
2.871	0.001001229
2.872	0.0009985814
2.873	0.0009959397
2.874	0.0009933038
2.875	0.0009906738
2.876	0.0009880497
2.877	0.0009854315
2.878	0.0009828192
2.879	0.0009802129
2.88	0.0009776126
2.881	0.0009750183
2.882	0.0009724299
2.883	0.0009698476
2.884	0.0009672713
2.885	0.0009647011
2.886	0.0009621369
2.887	0.0009595788
2.888	0.0009570268
2.889	0.0009544809
2.89	0.0009519411
2.891	0.0009494073
2.892	0.0009468797
2.893	0.0009443583
2.894	0.0009418429
2.895	0.0009393337
2.896	0.0009368307
2.897	0.0009343338
2.898	0.000931843
2.899	0.0009293584
2.9	0.00092688
2.901	0.0009244078
2.902	0.0009219417
2.903	0.0009194818
2.904	0.0009170281
2.905	0.0009145805
2.906	0.0009121392
2.907	0.000909704
2.908	0.000907275
2.909	0.0009048522
2.91	0.0009024355
2.911	0.0009000251
2.912	0.0008976208
2.913	0.0008952227
2.914	0.0008928307
2.915	0.000890445
2.916	0.0008880654
2.917	0.000885692
2.918	0.0008833247
2.919	0.0008809637
2.92	0.0008786087
2.921	0.00087626
2.922	0.0008739173
2.923	0.0008715809
2.924	0.0008692505
2.925	0.0008669263
2.926	0.0008646082
2.927	0.0008622963
2.928	0.0008599905
2.929	0.0008576907
2.93	0.0008553971
2.931	0.0008531096
2.932	0.0008508282
2.933	0.0008485529
2.934	0.0008462836
2.935	0.0008440204
2.936	0.0008417633
2.937	0.0008395122
2.938	0.0008372672
2.939	0.0008350282
2.94	0.0008327953
2.941	0.0008305683
2.942	0.0008283474
2.943	0.0008261325
2.944	0.0008239236
2.945	0.0008217206
2.946	0.0008195237
2.947	0.0008173327
2.948	0.0008151477
2.949	0.0008129686
2.95	0.0008107954
2.951	0.0008086282
2.952	0.0008064669
2.953	0.0008043115
2.954	0.000802162
2.955	0.0008000184
2.956	0.0007978807
2.957	0.0007957488
2.958	0.0007936228
2.959	0.0007915026
2.96	0.0007893883
2.961	0.0007872798
2.962	0.0007851771
2.963	0.0007830802
2.964	0.000780989
2.965	0.0007789037
2.966	0.0007768241
2.967	0.0007747503
2.968	0.0007726822
2.969	0.0007706199
2.97	0.0007685632
2.971	0.0007665123
2.972	0.0007644671
2.973	0.0007624275
2.974	0.0007603936
2.975	0.0007583654
2.976	0.0007563428
2.977	0.0007543259
2.978	0.0007523145
2.979	0.0007503088
2.98	0.0007483087
2.981	0.0007463142
2.982	0.0007443252
2.983	0.0007423418
2.984	0.0007403639
2.985	0.0007383916
2.986	0.0007364248
2.987	0.0007344635
2.988	0.0007325077
2.989	0.0007305573
2.99	0.0007286125
2.991	0.0007266731
2.992	0.0007247392
2.993	0.0007228106
2.994	0.0007208875
2.995	0.0007189698
2.996	0.0007170575
2.997	0.0007151506
2.998	0.0007132491
2.999	0.0007113529
3	0.000709462

