0	0
0.001	0
0.002	0
0.003	0
0.004	0
0.005	0
0.006	0
0.007	0
0.008	0
0.009	0
0.01	0
0.011	0
0.012	0
0.013	0
0.014	0
0.015	0
0.016	0
0.017	0
0.018	0
0.019	0
0.02	0
0.021	0
0.022	0
0.023	0
0.024	0
0.025	0
0.026	0
0.027	0
0.028	0
0.029	0
0.03	0
0.031	0
0.032	0
0.033	0
0.034	0
0.035	0
0.036	0
0.037	0
0.038	0
0.039	0
0.04	0
0.041	0
0.042	0
0.043	0
0.044	0
0.045	0
0.046	0
0.047	0
0.048	0
0.049	0
0.05	0
0.051	0
0.052	0
0.053	0
0.054	0
0.055	0
0.056	0
0.057	0
0.058	0
0.059	0
0.06	0
0.061	0
0.062	0
0.063	0
0.064	0
0.065	0
0.066	0
0.067	0
0.068	0
0.069	0
0.07	0
0.071	0
0.072	0
0.073	0
0.074	0
0.075	0
0.076	0
0.077	0
0.078	0
0.079	0
0.08	0
0.081	0
0.082	0
0.083	0
0.084	0
0.085	0
0.086	0
0.087	0
0.088	0
0.089	0
0.09	0
0.091	0
0.092	0
0.093	0
0.094	0
0.095	0
0.096	0
0.097	0
0.098	0
0.099	0
0.1	0
0.101	0
0.102	0
0.103	1.00E-016
0.104	-2.62E-019
0.105	-5.03E-019
0.106	-1.28E-018
0.107	7.89E-018
0.108	-4.26E-019
0.109	-4.77E-018
0.11	3.56E-018
0.111	1.22E-018
0.112	1.71E-017
0.113	1.53E-017
0.114	9.57E-017
0.115	2.71E-016
0.116	5.39E-016
0.117	1.13E-015
0.118	2.11E-015
0.119	3.82E-015
0.12	6.50E-015
0.121	1.08E-014
0.122	1.74E-014
0.123	2.72E-014
0.124	4.18E-014
0.125	6.28E-014
0.126	9.28E-014
0.127	1.35E-013
0.128	1.92E-013
0.129	2.71E-013
0.13	3.75E-013
0.131	5.15E-013
0.132	6.97E-013
0.133	9.33E-013
0.134	1.24E-012
0.135	1.62E-012
0.136	2.11E-012
0.137	2.70E-012
0.138	3.46E-012
0.139	4.40E-012
0.14	5.54E-012
0.141	6.95E-012
0.142	8.63E-012
0.143	1.07E-011
0.144	1.31E-011
0.145	1.60E-011
0.146	1.95E-011
0.147	2.36E-011
0.148	2.84E-011
0.149	3.40E-011
0.15	4.06E-011
0.151	4.82E-011
0.152	5.70E-011
0.153	6.72E-011
0.154	7.88E-011
0.155	9.22E-011
0.156	1.07E-010
0.157	1.25E-010
0.158	1.45E-010
0.159	1.67E-010
0.16	1.92E-010
0.161	2.21E-010
0.162	2.53E-010
0.163	2.88E-010
0.164	3.28E-010
0.165	3.73E-010
0.166	4.22E-010
0.167	4.77E-010
0.168	5.38E-010
0.169	6.05E-010
0.17	6.80E-010
0.171	7.61E-010
0.172	8.51E-010
0.173	9.50E-010
0.174	1.06E-009
0.175	1.18E-009
0.176	1.31E-009
0.177	1.45E-009
0.178	1.60E-009
0.179	1.77E-009
0.18	1.95E-009
0.181	2.14E-009
0.182	2.35E-009
0.183	2.58E-009
0.184	2.83E-009
0.185	3.10E-009
0.186	3.38E-009
0.187	3.69E-009
0.188	4.02E-009
0.189	4.38E-009
0.19	4.76E-009
0.191	5.17E-009
0.192	5.61E-009
0.193	6.07E-009
0.194	6.57E-009
0.195	7.10E-009
0.196	7.66E-009
0.197	8.27E-009
0.198	8.90E-009
0.199	9.58E-009
0.2	1.03E-008
0.201	1.11E-008
0.202	1.19E-008
0.203	1.27E-008
0.204	1.36E-008
0.205	1.46E-008
0.206	1.56E-008
0.207	1.67E-008
0.208	1.78E-008
0.209	1.90E-008
0.21	2.02E-008
0.211	2.15E-008
0.212	2.29E-008
0.213	2.44E-008
0.214	2.59E-008
0.215	2.75E-008
0.216	2.91E-008
0.217	3.09E-008
0.218	3.27E-008
0.219	3.47E-008
0.22	3.67E-008
0.221	3.88E-008
0.222	4.10E-008
0.223	4.33E-008
0.224	4.57E-008
0.225	4.82E-008
0.226	5.08E-008
0.227	5.35E-008
0.228	5.63E-008
0.229	5.92E-008
0.23	6.23E-008
0.231	6.55E-008
0.232	6.88E-008
0.233	7.22E-008
0.234	7.58E-008
0.235	7.95E-008
0.236	8.40E-008
0.237	8.73E-008
0.238	9.15E-008
0.239	9.57E-008
0.24	1.00E-007
0.241	1.05E-007
0.242	1.10E-007
0.243	1.14E-007
0.244	1.20E-007
0.245	1.25E-007
0.246	1.30E-007
0.247	1.36E-007
0.248	1.42E-007
0.249	1.48E-007
0.25	1.54E-007
0.251	1.60E-007
0.252	1.67E-007
0.253	1.74E-007
0.254	1.81E-007
0.255	1.88E-007
0.256	1.95E-007
0.257	2.03E-007
0.258	2.11E-007
0.259	2.19E-007
0.26	2.27E-007
0.261	2.36E-007
0.262	2.44E-007
0.263	2.54E-007
0.264	2.63E-007
0.265	2.72E-007
0.266	2.82E-007
0.267	2.92E-007
0.268	3.03E-007
0.269	3.13E-007
0.27	3.24E-007
0.271	3.35E-007
0.272	3.47E-007
0.273	3.58E-007
0.274	3.70E-007
0.275	3.83E-007
0.276	3.95E-007
0.277	4.08E-007
0.278	4.21E-007
0.279	4.35E-007
0.28	4.49E-007
0.281	4.63E-007
0.282	4.77E-007
0.283	4.92E-007
0.284	5.07E-007
0.285	5.23E-007
0.286	5.39E-007
0.287	5.55E-007
0.288	5.72E-007
0.289	5.89E-007
0.29	6.06E-007
0.291	6.23E-007
0.292	6.41E-007
0.293	6.60E-007
0.294	6.79E-007
0.295	6.98E-007
0.296	7.17E-007
0.297	7.37E-007
0.298	7.57E-007
0.299	7.78E-007
0.3	7.99E-007
0.301	8.21E-007
0.302	8.43E-007
0.303	8.65E-007
0.304	8.88E-007
0.305	9.11E-007
0.306	9.35E-007
0.307	9.59E-007
0.308	9.83E-007
0.309	1.01E-006
0.31	1.03E-006
0.311	1.06E-006
0.312	1.09E-006
0.313	1.11E-006
0.314	1.14E-006
0.315	1.17E-006
0.316	1.20E-006
0.317	1.22E-006
0.318	1.25E-006
0.319	1.28E-006
0.32	1.31E-006
0.321	1.34E-006
0.322	1.37E-006
0.323	1.41E-006
0.324	1.44E-006
0.325	1.47E-006
0.326	1.50E-006
0.327	1.54E-006
0.328	1.57E-006
0.329	1.61E-006
0.33	1.64E-006
0.331	1.68E-006
0.332	1.71E-006
0.333	1.75E-006
0.334	1.79E-006
0.335	1.83E-006
0.336	1.86E-006
0.337	1.90E-006
0.338	1.94E-006
0.339	1.98E-006
0.34	2.02E-006
0.341	2.06E-006
0.342	2.11E-006
0.343	2.15E-006
0.344	2.19E-006
0.345	2.23E-006
0.346	2.28E-006
0.347	2.32E-006
0.348	2.37E-006
0.349	2.41E-006
0.35	2.46E-006
0.351	2.51E-006
0.352	2.56E-006
0.353	2.60E-006
0.354	2.65E-006
0.355	2.70E-006
0.356	2.75E-006
0.357	2.80E-006
0.358	2.86E-006
0.359	2.91E-006
0.36	2.96E-006
0.361	3.01E-006
0.362	3.07E-006
0.363	3.12E-006
0.364	3.18E-006
0.365	3.23E-006
0.366	3.29E-006
0.367	3.35E-006
0.368	3.41E-006
0.369	3.46E-006
0.37	3.52E-006
0.371	3.58E-006
0.372	3.64E-006
0.373	3.71E-006
0.374	3.77E-006
0.375	3.83E-006
0.376	3.89E-006
0.377	3.96E-006
0.378	4.02E-006
0.379	4.09E-006
0.38	4.15E-006
0.381	4.22E-006
0.382	4.29E-006
0.383	4.36E-006
0.384	4.43E-006
0.385	4.49E-006
0.386	4.57E-006
0.387	4.64E-006
0.388	4.71E-006
0.389	4.78E-006
0.39	4.85E-006
0.391	4.93E-006
0.392	5.00E-006
0.393	5.08E-006
0.394	5.15E-006
0.395	5.23E-006
0.396	5.31E-006
0.397	5.39E-006
0.398	5.47E-006
0.399	5.55E-006
0.4	5.63E-006
0.401	5.71E-006
0.402	5.79E-006
0.403	5.87E-006
0.404	5.96E-006
0.405	6.04E-006
0.406	6.13E-006
0.407	6.21E-006
0.408	6.30E-006
0.409	6.39E-006
0.41	6.48E-006
0.411	6.57E-006
0.412	6.66E-006
0.413	6.75E-006
0.414	6.84E-006
0.415	6.93E-006
0.416	7.03E-006
0.417	7.12E-006
0.418	7.21E-006
0.419	7.31E-006
0.42	7.41E-006
0.421	7.50E-006
0.422	7.60E-006
0.423	7.70E-006
0.424	7.80E-006
0.425	7.90E-006
0.426	8.00E-006
0.427	8.10E-006
0.428	8.21E-006
0.429	8.31E-006
0.43	8.42E-006
0.431	8.52E-006
0.432	8.63E-006
0.433	8.73E-006
0.434	8.84E-006
0.435	8.95E-006
0.436	9.06E-006
0.437	9.17E-006
0.438	9.28E-006
0.439	9.40E-006
0.44	9.51E-006
0.441	9.62E-006
0.442	9.74E-006
0.443	9.85E-006
0.444	9.97E-006
0.445	1.01E-005
0.446	1.02E-005
0.447	1.03E-005
0.448	1.04E-005
0.449	1.06E-005
0.45	1.07E-005
0.451	1.08E-005
0.452	1.09E-005
0.453	1.11E-005
0.454	1.12E-005
0.455	1.13E-005
0.456	1.14E-005
0.457	1.16E-005
0.458	1.17E-005
0.459	1.18E-005
0.46	1.20E-005
0.461	1.21E-005
0.462	1.22E-005
0.463	1.24E-005
0.464	1.25E-005
0.465	1.26E-005
0.466	1.28E-005
0.467	1.29E-005
0.468	1.30E-005
0.469	1.32E-005
0.47	1.33E-005
0.471	1.35E-005
0.472	1.36E-005
0.473	1.37E-005
0.474	1.39E-005
0.475	1.40E-005
0.476	1.42E-005
0.477	1.43E-005
0.478	1.45E-005
0.479	1.46E-005
0.48	1.48E-005
0.481	1.49E-005
0.482	1.51E-005
0.483	1.52E-005
0.484	1.54E-005
0.485	1.55E-005
0.486	1.57E-005
0.487	1.58E-005
0.488	1.60E-005
0.489	1.61E-005
0.49	1.63E-005
0.491	1.65E-005
0.492	1.66E-005
0.493	1.68E-005
0.494	1.69E-005
0.495	1.71E-005
0.496	1.73E-005
0.497	1.74E-005
0.498	1.76E-005
0.499	1.78E-005
0.5	1.79E-005
0.501	1.81E-005
0.502	1.83E-005
0.503	1.84E-005
0.504	1.86E-005
0.505	1.88E-005
0.506	1.90E-005
0.507	1.91E-005
0.508	1.93E-005
0.509	1.95E-005
0.51	1.97E-005
0.511	1.98E-005
0.512	2.00E-005
0.513	2.02E-005
0.514	2.04E-005
0.515	2.06E-005
0.516	2.08E-005
0.517	2.09E-005
0.518	2.11E-005
0.519	2.13E-005
0.52	2.15E-005
0.521	2.17E-005
0.522	2.19E-005
0.523	2.21E-005
0.524	2.23E-005
0.525	2.25E-005
0.526	2.26E-005
0.527	2.28E-005
0.528	2.30E-005
0.529	2.32E-005
0.53	2.34E-005
0.531	2.36E-005
0.532	2.38E-005
0.533	2.40E-005
0.534	2.42E-005
0.535	2.44E-005
0.536	2.46E-005
0.537	2.48E-005
0.538	2.51E-005
0.539	2.53E-005
0.54	2.55E-005
0.541	2.57E-005
0.542	2.59E-005
0.543	2.61E-005
0.544	2.63E-005
0.545	2.65E-005
0.546	2.67E-005
0.547	2.69E-005
0.548	2.72E-005
0.549	2.74E-005
0.55	2.76E-005
0.551	2.78E-005
0.552	2.80E-005
0.553	2.83E-005
0.554	2.85E-005
0.555	2.87E-005
0.556	2.89E-005
0.557	2.92E-005
0.558	2.94E-005
0.559	2.96E-005
0.56	2.98E-005
0.561	3.01E-005
0.562	3.03E-005
0.563	3.05E-005
0.564	3.08E-005
0.565	3.10E-005
0.566	3.12E-005
0.567	3.15E-005
0.568	3.17E-005
0.569	3.19E-005
0.57	3.22E-005
0.571	3.24E-005
0.572	3.27E-005
0.573	3.29E-005
0.574	3.31E-005
0.575	3.34E-005
0.576	3.36E-005
0.577	3.39E-005
0.578	3.41E-005
0.579	3.44E-005
0.58	3.46E-005
0.581	3.49E-005
0.582	3.51E-005
0.583	3.54E-005
0.584	3.56E-005
0.585	3.59E-005
0.586	3.61E-005
0.587	3.64E-005
0.588	3.67E-005
0.589	3.69E-005
0.59	3.72E-005
0.591	3.74E-005
0.592	3.77E-005
0.593	3.80E-005
0.594	3.82E-005
0.595	3.85E-005
0.596	3.88E-005
0.597	3.90E-005
0.598	3.93E-005
0.599	3.96E-005
0.6	3.98E-005
0.601	4.01E-005
0.602	4.04E-005
0.603	4.07E-005
0.604	4.09E-005
0.605	4.12E-005
0.606	4.15E-005
0.607	4.18E-005
0.608	4.20E-005
0.609	4.23E-005
0.61	4.26E-005
0.611	4.29E-005
0.612	4.32E-005
0.613	4.35E-005
0.614	4.37E-005
0.615	4.40E-005
0.616	4.43E-005
0.617	4.46E-005
0.618	4.49E-005
0.619	4.52E-005
0.62	4.55E-005
0.621	4.58E-005
0.622	4.61E-005
0.623	4.64E-005
0.624	4.67E-005
0.625	4.70E-005
0.626	4.73E-005
0.627	4.76E-005
0.628	4.79E-005
0.629	4.82E-005
0.63	4.85E-005
0.631	4.88E-005
0.632	4.91E-005
0.633	4.94E-005
0.634	4.97E-005
0.635	5.00E-005
0.636	5.03E-005
0.637	5.06E-005
0.638	5.09E-005
0.639	5.13E-005
0.64	5.16E-005
0.641	5.19E-005
0.642	5.22E-005
0.643	5.25E-005
0.644	5.28E-005
0.645	5.32E-005
0.646	5.35E-005
0.647	5.38E-005
0.648	5.41E-005
0.649	5.45E-005
0.65	5.48E-005
0.651	5.51E-005
0.652	5.54E-005
0.653	5.58E-005
0.654	5.61E-005
0.655	5.64E-005
0.656	5.68E-005
0.657	5.71E-005
0.658	5.74E-005
0.659	5.78E-005
0.66	5.81E-005
0.661	5.85E-005
0.662	5.88E-005
0.663	5.91E-005
0.664	5.95E-005
0.665	5.98E-005
0.666	6.02E-005
0.667	6.05E-005
0.668	6.09E-005
0.669	6.12E-005
0.67	6.15E-005
0.671	6.19E-005
0.672	6.22E-005
0.673	6.26E-005
0.674	6.30E-005
0.675	6.33E-005
0.676	6.37E-005
0.677	6.40E-005
0.678	6.44E-005
0.679	6.47E-005
0.68	6.51E-005
0.681	6.55E-005
0.682	6.58E-005
0.683	6.62E-005
0.684	6.65E-005
0.685	6.69E-005
0.686	6.73E-005
0.687	6.76E-005
0.688	6.80E-005
0.689	6.84E-005
0.69	6.88E-005
0.691	6.91E-005
0.692	6.95E-005
0.693	6.99E-005
0.694	7.03E-005
0.695	7.06E-005
0.696	7.10E-005
0.697	7.14E-005
0.698	7.18E-005
0.699	7.22E-005
0.7	7.25E-005
0.701	7.29E-005
0.702	7.33E-005
0.703	7.37E-005
0.704	7.41E-005
0.705	7.45E-005
0.706	7.49E-005
0.707	7.52E-005
0.708	7.56E-005
0.709	7.60E-005
0.71	7.64E-005
0.711	7.68E-005
0.712	7.72E-005
0.713	7.76E-005
0.714	7.80E-005
0.715	7.84E-005
0.716	7.88E-005
0.717	7.92E-005
0.718	7.96E-005
0.719	8.00E-005
0.72	8.04E-005
0.721	8.08E-005
0.722	8.12E-005
0.723	8.17E-005
0.724	8.21E-005
0.725	8.25E-005
0.726	8.29E-005
0.727	8.33E-005
0.728	8.37E-005
0.729	8.41E-005
0.73	8.46E-005
0.731	8.50E-005
0.732	8.54E-005
0.733	8.58E-005
0.734	8.62E-005
0.735	8.67E-005
0.736	8.71E-005
0.737	8.75E-005
0.738	8.79E-005
0.739	8.84E-005
0.74	8.88E-005
0.741	8.92E-005
0.742	8.97E-005
0.743	9.01E-005
0.744	9.05E-005
0.745	9.10E-005
0.746	9.14E-005
0.747	9.18E-005
0.748	9.23E-005
0.749	9.27E-005
0.75	9.31E-005
0.751	9.36E-005
0.752	9.40E-005
0.753	9.45E-005
0.754	9.49E-005
0.755	9.54E-005
0.756	9.58E-005
0.757	9.63E-005
0.758	9.67E-005
0.759	9.72E-005
0.76	9.76E-005
0.761	9.81E-005
0.762	9.85E-005
0.763	9.90E-005
0.764	9.94E-005
0.765	9.99E-005
0.766	0.0001003489
0.767	0.0001008091
0.768	0.0001012705
0.769	0.0001017331
0.77	0.0001021969
0.771	0.0001026618
0.772	0.0001031278
0.773	0.0001035951
0.774	0.0001040635
0.775	0.000104533
0.776	0.0001050038
0.777	0.0001054756
0.778	0.0001059488
0.779	0.000106423
0.78	0.0001068985
0.781	0.000107375
0.782	0.0001078527
0.783	0.0001083316
0.784	0.0001088117
0.785	0.0001092929
0.786	0.0001097753
0.787	0.0001102588
0.788	0.0001107436
0.789	0.0001112295
0.79	0.0001117166
0.791	0.0001122049
0.792	0.0001126943
0.793	0.0001131848
0.794	0.0001136766
0.795	0.0001141695
0.796	0.0001146636
0.797	0.0001151588
0.798	0.0001156553
0.799	0.0001161529
0.8	0.0001166517
0.801	0.0001171516
0.802	0.0001176527
0.803	0.000118155
0.804	0.0001186585
0.805	0.000119163
0.806	0.0001196688
0.807	0.0001201758
0.808	0.0001206839
0.809	0.0001211932
0.81	0.0001217037
0.811	0.0001222153
0.812	0.0001227282
0.813	0.0001232421
0.814	0.0001237573
0.815	0.0001242736
0.816	0.000124791
0.817	0.0001253097
0.818	0.0001258295
0.819	0.0001263506
0.82	0.0001268727
0.821	0.0001273961
0.822	0.0001279206
0.823	0.0001284463
0.824	0.0001289731
0.825	0.0001295011
0.826	0.0001300304
0.827	0.0001305607
0.828	0.0001310923
0.829	0.000131625
0.83	0.0001321589
0.831	0.0001326939
0.832	0.0001332302
0.833	0.0001337676
0.834	0.0001343061
0.835	0.0001348459
0.836	0.0001353868
0.837	0.0001359289
0.838	0.0001364721
0.839	0.0001370166
0.84	0.0001375622
0.841	0.000138109
0.842	0.0001386569
0.843	0.000139206
0.844	0.0001397564
0.845	0.0001403078
0.846	0.0001408604
0.847	0.0001414142
0.848	0.0001419692
0.849	0.0001425253
0.85	0.0001430827
0.851	0.0001436412
0.852	0.0001442009
0.853	0.0001447616
0.854	0.0001453237
0.855	0.0001458868
0.856	0.0001464512
0.857	0.0001470167
0.858	0.0001475834
0.859	0.0001481513
0.86	0.0001487203
0.861	0.0001492906
0.862	0.0001498619
0.863	0.0001504345
0.864	0.0001510082
0.865	0.0001515831
0.866	0.0001521592
0.867	0.0001527364
0.868	0.0001533148
0.869	0.0001538944
0.87	0.0001544752
0.871	0.0001550571
0.872	0.0001556402
0.873	0.0001562245
0.874	0.0001568099
0.875	0.0001573965
0.876	0.0001579843
0.877	0.0001585733
0.878	0.0001591634
0.879	0.0001597547
0.88	0.0001603472
0.881	0.0001609409
0.882	0.0001615357
0.883	0.0001621317
0.884	0.0001627288
0.885	0.0001633271
0.886	0.0001639266
0.887	0.0001645273
0.888	0.0001651291
0.889	0.0001657321
0.89	0.0001663363
0.891	0.0001669416
0.892	0.0001675481
0.893	0.0001681558
0.894	0.0001687647
0.895	0.0001693747
0.896	0.0001699859
0.897	0.0001705983
0.898	0.0001712118
0.899	0.0001718265
0.9	0.0001724424
0.901	0.0001730595
0.902	0.0001736776
0.903	0.0001742971
0.904	0.0001749176
0.905	0.0001755393
0.906	0.0001761622
0.907	0.0001767863
0.908	0.0001774115
0.909	0.0001780379
0.91	0.0001786655
0.911	0.0001792942
0.912	0.0001799241
0.913	0.0001805552
0.914	0.0001811874
0.915	0.0001818208
0.916	0.0001824554
0.917	0.0001830911
0.918	0.000183728
0.919	0.0001843661
0.92	0.0001850054
0.921	0.0001856458
0.922	0.0001862874
0.923	0.00018693
0.924	0.000187574
0.925	0.0001882191
0.926	0.0001888654
0.927	0.0001895128
0.928	0.0001901614
0.929	0.0001908111
0.93	0.000191462
0.931	0.0001921141
0.932	0.0001927673
0.933	0.0001934218
0.934	0.0001940774
0.935	0.0001947341
0.936	0.000195392
0.937	0.0001960511
0.938	0.0001967114
0.939	0.0001973728
0.94	0.0001980354
0.941	0.0001986991
0.942	0.0001993638
0.943	0.00020003
0.944	0.0002006973
0.945	0.0002013657
0.946	0.0002020352
0.947	0.0002027058
0.948	0.0002033779
0.949	0.0002040509
0.95	0.0002047251
0.951	0.0002054005
0.952	0.000206077
0.953	0.0002067548
0.954	0.0002074336
0.955	0.0002081137
0.956	0.0002087949
0.957	0.0002094772
0.958	0.0002101607
0.959	0.0002108454
0.96	0.0002115313
0.961	0.0002122182
0.962	0.0002129064
0.963	0.0002135958
0.964	0.0002142862
0.965	0.0002149779
0.966	0.0002156707
0.967	0.0002163647
0.968	0.0002170598
0.969	0.0002177561
0.97	0.0002184536
0.971	0.0002191522
0.972	0.0002198519
0.973	0.0002205529
0.974	0.000221255
0.975	0.0002219583
0.976	0.0002226627
0.977	0.0002233682
0.978	0.0002240749
0.979	0.0002247829
0.98	0.0002254919
0.981	0.0002262021
0.982	0.0002269135
0.983	0.000227626
0.984	0.0002283398
0.985	0.0002290545
0.986	0.0002297705
0.987	0.0002304877
0.988	0.000231206
0.989	0.0002319255
0.99	0.0002326461
0.991	0.0002333679
0.992	0.0002340908
0.993	0.0002348149
0.994	0.0002355402
0.995	0.0002362665
0.996	0.0002369942
0.997	0.0002377228
0.998	0.0002384527
0.999	0.0002391838
1	0.000239916
1.001	0.0002406495
1.002	0.0002413838
1.003	0.0002421194
1.004	0.0002428563
1.005	0.0002435942
1.006	0.0002443333
1.007	0.0002450736
1.008	0.000245815
1.009	0.0002465576
1.01	0.0002473013
1.011	0.0002480462
1.012	0.0002487922
1.013	0.0002495394
1.014	0.0002502877
1.015	0.0002510372
1.016	0.0002517878
1.017	0.0002525396
1.018	0.0002532925
1.019	0.0002540466
1.02	0.0002548019
1.021	0.0002555583
1.022	0.0002563158
1.023	0.0002570746
1.024	0.0002578343
1.025	0.0002585953
1.026	0.0002593575
1.027	0.0002601208
1.028	0.0002608852
1.029	0.0002616508
1.03	0.0002624175
1.031	0.0002631854
1.032	0.0002639544
1.033	0.0002647246
1.034	0.0002654959
1.035	0.0002662684
1.036	0.0002670421
1.037	0.0002678168
1.038	0.0002685927
1.039	0.0002693698
1.04	0.000270148
1.041	0.0002709274
1.042	0.0002717079
1.043	0.0002724895
1.044	0.0002732723
1.045	0.0002740562
1.046	0.0002748413
1.047	0.0002756275
1.048	0.0002764149
1.049	0.0002772035
1.05	0.0002779931
1.051	0.0002787839
1.052	0.0002795759
1.053	0.000280369
1.054	0.0002811632
1.055	0.0002819586
1.056	0.0002827551
1.057	0.0002835527
1.058	0.0002843516
1.059	0.0002851515
1.06	0.0002859526
1.061	0.0002867548
1.062	0.0002875582
1.063	0.0002883627
1.064	0.0002891684
1.065	0.0002899752
1.066	0.0002907831
1.067	0.0002915922
1.068	0.0002924024
1.069	0.0002932138
1.07	0.0002940263
1.071	0.0002948399
1.072	0.0002956547
1.073	0.0002964706
1.074	0.0002972876
1.075	0.0002981058
1.076	0.0002989251
1.077	0.0002997456
1.078	0.0003005672
1.079	0.0003013899
1.08	0.0003022138
1.081	0.0003030388
1.082	0.000303865
1.083	0.0003046922
1.084	0.0003055207
1.085	0.0003063502
1.086	0.0003071809
1.087	0.0003080128
1.088	0.0003088457
1.089	0.0003096798
1.09	0.000310515
1.091	0.0003113514
1.092	0.0003121889
1.093	0.0003130276
1.094	0.0003138673
1.095	0.0003147082
1.096	0.0003155502
1.097	0.0003163934
1.098	0.0003172377
1.099	0.0003180832
1.1	0.0003189297
1.101	0.0003197774
1.102	0.0003206263
1.103	0.0003214762
1.104	0.0003223273
1.105	0.0003231795
1.106	0.000324033
1.107	0.0003248874
1.108	0.000325743
1.109	0.0003265997
1.11	0.0003274576
1.111	0.0003283166
1.112	0.0003291766
1.113	0.000330038
1.114	0.0003309004
1.115	0.0003317638
1.116	0.0003326285
1.117	0.0003334943
1.118	0.0003343612
1.119	0.0003352292
1.12	0.0003360984
1.121	0.0003369687
1.122	0.0003378401
1.123	0.0003387126
1.124	0.0003395862
1.125	0.000340461
1.126	0.0003413369
1.127	0.000342214
1.128	0.0003430921
1.129	0.0003439714
1.13	0.0003448518
1.131	0.0003457333
1.132	0.000346616
1.133	0.0003474998
1.134	0.0003483847
1.135	0.0003492707
1.136	0.0003501578
1.137	0.0003510461
1.138	0.0003519355
1.139	0.000352826
1.14	0.0003537177
1.141	0.0003546104
1.142	0.0003555043
1.143	0.0003563993
1.144	0.0003572954
1.145	0.0003581927
1.146	0.000359091
1.147	0.0003599905
1.148	0.0003608911
1.149	0.0003617928
1.15	0.0003626956
1.151	0.0003635996
1.152	0.0003645047
1.153	0.0003654109
1.154	0.0003663182
1.155	0.0003672267
1.156	0.0003681362
1.157	0.0003690469
1.158	0.0003699587
1.159	0.0003708715
1.16	0.0003717856
1.161	0.0003727008
1.162	0.000373617
1.163	0.0003745343
1.164	0.0003754528
1.165	0.0003763724
1.166	0.0003772932
1.167	0.0003782149
1.168	0.0003791379
1.169	0.000380062
1.17	0.0003809871
1.171	0.0003819134
1.172	0.0003828408
1.173	0.0003837692
1.174	0.0003846989
1.175	0.0003856296
1.176	0.0003865615
1.177	0.0003874944
1.178	0.0003884285
1.179	0.0003893637
1.18	0.0003903
1.181	0.0003912374
1.182	0.0003921759
1.183	0.0003931155
1.184	0.0003940563
1.185	0.0003949981
1.186	0.000395941
1.187	0.0003968851
1.188	0.0003978302
1.189	0.0003987765
1.19	0.0003997239
1.191	0.0004006724
1.192	0.000401622
1.193	0.0004025727
1.194	0.0004035246
1.195	0.0004044775
1.196	0.0004054315
1.197	0.0004063866
1.198	0.0004073429
1.199	0.0004083002
1.2	0.0004092587
1.201	0.0004102182
1.202	0.0004111789
1.203	0.0004121407
1.204	0.0004131036
1.205	0.0004140676
1.206	0.0004150326
1.207	0.0004159988
1.208	0.0004169661
1.209	0.0004179345
1.21	0.000418904
1.211	0.0004198746
1.212	0.0004208463
1.213	0.0004218191
1.214	0.0004227931
1.215	0.0004237681
1.216	0.0004247442
1.217	0.0004257214
1.218	0.0004266997
1.219	0.0004276791
1.22	0.0004286596
1.221	0.0004296413
1.222	0.000430624
1.223	0.0004316078
1.224	0.0004325928
1.225	0.0004335787
1.226	0.0004345658
1.227	0.0004355541
1.228	0.0004365433
1.229	0.0004375338
1.23	0.0004385253
1.231	0.0004395179
1.232	0.0004405116
1.233	0.0004415064
1.234	0.0004425023
1.235	0.0004434993
1.236	0.0004444974
1.237	0.0004454965
1.238	0.0004464968
1.239	0.0004474982
1.24	0.0004485007
1.241	0.0004495042
1.242	0.0004505089
1.243	0.0004515146
1.244	0.0004525215
1.245	0.0004535294
1.246	0.0004545385
1.247	0.0004555486
1.248	0.0004565598
1.249	0.0004575721
1.25	0.0004585855
1.251	0.0004596
1.252	0.0004606156
1.253	0.0004616323
1.254	0.0004626501
1.255	0.0004636689
1.256	0.0004646889
1.257	0.0004657099
1.258	0.0004667321
1.259	0.0004677553
1.26	0.0004687796
1.261	0.000469805
1.262	0.0004708315
1.263	0.0004718591
1.264	0.0004728878
1.265	0.0004739175
1.266	0.0004749484
1.267	0.0004759803
1.268	0.0004770134
1.269	0.0004780475
1.27	0.0004790827
1.271	0.000480119
1.272	0.0004811563
1.273	0.0004821948
1.274	0.0004832343
1.275	0.0004842749
1.276	0.0004853167
1.277	0.0004863595
1.278	0.0004874033
1.279	0.0004884483
1.28	0.0004894944
1.281	0.0004905415
1.282	0.0004915898
1.283	0.0004926391
1.284	0.0004936895
1.285	0.0004947409
1.286	0.0004957935
1.287	0.0004968471
1.288	0.0004979019
1.289	0.0004989577
1.29	0.0005000146
1.291	0.0005010725
1.292	0.0005021316
1.293	0.0005031917
1.294	0.0005042529
1.295	0.0005053152
1.296	0.0005063786
1.297	0.000507443
1.298	0.0005085086
1.299	0.0005095752
1.3	0.0005106429
1.301	0.0005117117
1.302	0.0005127815
1.303	0.0005138525
1.304	0.0005149244
1.305	0.0005159975
1.306	0.0005170718
1.307	0.0005181469
1.308	0.0005192232
1.309	0.0005203006
1.31	0.0005213791
1.311	0.0005224587
1.312	0.0005235393
1.313	0.000524621
1.314	0.0005257038
1.315	0.0005267876
1.316	0.0005278725
1.317	0.0005289585
1.318	0.0005300456
1.319	0.0005311338
1.32	0.000532223
1.321	0.0005333133
1.322	0.0005344047
1.323	0.0005354971
1.324	0.0005365906
1.325	0.0005376853
1.326	0.000538781
1.327	0.0005398776
1.328	0.0005409754
1.329	0.0005420743
1.33	0.0005431743
1.331	0.0005442753
1.332	0.0005453774
1.333	0.0005464806
1.334	0.0005475848
1.335	0.00054869
1.336	0.0005497965
1.337	0.0005509038
1.338	0.0005520124
1.339	0.000553122
1.34	0.0005542327
1.341	0.0005553444
1.342	0.0005564572
1.343	0.0005575709
1.344	0.000558686
1.345	0.000559802
1.346	0.0005609191
1.347	0.0005620372
1.348	0.0005631564
1.349	0.0005642767
1.35	0.000565398
1.351	0.0005665204
1.352	0.0005676439
1.353	0.0005687684
1.354	0.000569894
1.355	0.0005710207
1.356	0.0005721484
1.357	0.0005732772
1.358	0.000574407
1.359	0.000575538
1.36	0.0005766699
1.361	0.000577803
1.362	0.000578937
1.363	0.0005800723
1.364	0.0005812083
1.365	0.0005823458
1.366	0.0005834842
1.367	0.0005846236
1.368	0.0005857641
1.369	0.0005869062
1.37	0.0005880486
1.371	0.0005891919
1.372	0.0005903367
1.373	0.0005914825
1.374	0.0005926294
1.375	0.0005937773
1.376	0.0005949265
1.377	0.0005960763
1.378	0.0005972276
1.379	0.0005983796
1.38	0.0005995328
1.381	0.0006006871
1.382	0.0006018424
1.383	0.0006029988
1.384	0.0006041563
1.385	0.0006053148
1.386	0.0006064743
1.387	0.000607635
1.388	0.0006087967
1.389	0.0006099594
1.39	0.0006111232
1.391	0.0006122881
1.392	0.000613454
1.393	0.0006146209
1.394	0.000615789
1.395	0.0006169581
1.396	0.0006181282
1.397	0.0006192994
1.398	0.0006204716
1.399	0.0006216449
1.4	0.0006228193
1.401	0.0006239947
1.402	0.0006251712
1.403	0.0006263487
1.404	0.0006275273
1.405	0.0006287069
1.406	0.0006298876
1.407	0.0006310693
1.408	0.0006322521
1.409	0.0006334359
1.41	0.0006346208
1.411	0.0006358068
1.412	0.0006369938
1.413	0.0006381818
1.414	0.0006393709
1.415	0.0006405611
1.416	0.0006417523
1.417	0.0006429445
1.418	0.0006441378
1.419	0.0006453322
1.42	0.0006465276
1.421	0.000647724
1.422	0.0006489215
1.423	0.0006501201
1.424	0.0006513197
1.425	0.0006525203
1.426	0.000653722
1.427	0.0006549248
1.428	0.0006561286
1.429	0.0006573334
1.43	0.0006585393
1.431	0.0006597462
1.432	0.0006609542
1.433	0.0006621633
1.434	0.0006633733
1.435	0.0006645845
1.436	0.0006657967
1.437	0.0006670099
1.438	0.0006682241
1.439	0.000669439
1.44	0.0006706553
1.441	0.0006718732
1.442	0.0006730916
1.443	0.0006743111
1.444	0.0006755317
1.445	0.0006767532
1.446	0.0006779759
1.447	0.0006791995
1.448	0.0006804243
1.449	0.00068165
1.45	0.0006828768
1.451	0.0006841047
1.452	0.0006853335
1.453	0.0006865635
1.454	0.0006877944
1.455	0.0006890265
1.456	0.0006902595
1.457	0.0006914936
1.458	0.0006927283
1.459	0.0006939649
1.46	0.0006952022
1.461	0.0006964404
1.462	0.0006976797
1.463	0.0006989201
1.464	0.0007001615
1.465	0.0007014039
1.466	0.0007026473
1.467	0.0007038921
1.468	0.0007051374
1.469	0.000706384
1.47	0.0007076316
1.471	0.0007088803
1.472	0.00071013
1.473	0.0007113809
1.474	0.0007126325
1.475	0.0007138853
1.476	0.0007151391
1.477	0.000716394
1.478	0.00071765
1.479	0.0007189069
1.48	0.0007201649
1.481	0.000721424
1.482	0.0007226841
1.483	0.0007239452
1.484	0.0007252073
1.485	0.0007264705
1.486	0.0007277347
1.487	0.000729
1.488	0.0007302663
1.489	0.0007315336
1.49	0.000732802
1.491	0.0007340714
1.492	0.0007353418
1.493	0.0007366133
1.494	0.0007378858
1.495	0.0007391593
1.496	0.0007404339
1.497	0.0007417095
1.498	0.0007429861
1.499	0.0007442638
1.5	0.0007455425
1.501	0.0007468222
1.502	0.000748103
1.503	0.0007493848
1.504	0.0007506669
1.505	0.0007519486
1.506	0.0007532296
1.507	0.0007545091
1.508	0.0007557867
1.509	0.0007570618
1.51	0.000758334
1.511	0.0007596027
1.512	0.0007608674
1.513	0.0007621276
1.514	0.0007633828
1.515	0.0007646325
1.516	0.0007658762
1.517	0.0007671135
1.518	0.0007683439
1.519	0.0007695669
1.52	0.000770782
1.521	0.0007719889
1.522	0.0007731871
1.523	0.0007743762
1.524	0.0007755557
1.525	0.0007767253
1.526	0.0007778845
1.527	0.000779033
1.528	0.0007801704
1.529	0.0007812963
1.53	0.0007824104
1.531	0.0007835123
1.532	0.0007846017
1.533	0.0007856782
1.534	0.0007867416
1.535	0.0007877915
1.536	0.0007888277
1.537	0.0007898498
1.538	0.0007908575
1.539	0.0007918507
1.54	0.000792829
1.541	0.0007937921
1.542	0.00079474
1.543	0.0007956722
1.544	0.0007965887
1.545	0.0007974891
1.546	0.0007983733
1.547	0.0007992411
1.548	0.0008000924
1.549	0.0008009269
1.55	0.0008017444
1.551	0.0008025449
1.552	0.0008033282
1.553	0.000804094
1.554	0.0008048424
1.555	0.0008055732
1.556	0.0008062863
1.557	0.0008069815
1.558	0.0008076588
1.559	0.0008083181
1.56	0.0008089593
1.561	0.0008095824
1.562	0.0008101872
1.563	0.0008107737
1.564	0.0008113418
1.565	0.0008118916
1.566	0.000812423
1.567	0.0008129359
1.568	0.0008134304
1.569	0.0008139063
1.57	0.0008143638
1.571	0.0008148027
1.572	0.0008152232
1.573	0.0008156252
1.574	0.0008160087
1.575	0.0008163743
1.576	0.0008167203
1.577	0.0008170485
1.578	0.0008173583
1.579	0.0008176498
1.58	0.000817923
1.581	0.000818178
1.582	0.0008184149
1.583	0.0008186336
1.584	0.0008188343
1.585	0.0008190169
1.586	0.0008191817
1.587	0.0008193287
1.588	0.0008194579
1.589	0.0008195694
1.59	0.0008196634
1.591	0.0008197398
1.592	0.0008197989
1.593	0.0008198407
1.594	0.0008198653
1.595	0.0008198728
1.596	0.0008198634
1.597	0.000819837
1.598	0.0008197939
1.599	0.0008197342
1.6	0.0008196579
1.601	0.0008195652
1.602	0.0008194562
1.603	0.0008193311
1.604	0.00081919
1.605	0.0008190329
1.606	0.0008188597
1.607	0.0008186716
1.608	0.0008184676
1.609	0.0008182482
1.61	0.0008180135
1.611	0.0008177638
1.612	0.0008174991
1.613	0.0008172196
1.614	0.0008169254
1.615	0.0008166166
1.616	0.0008162934
1.617	0.000815956
1.618	0.0008156045
1.619	0.000815239
1.62	0.0008148596
1.621	0.0008144666
1.622	0.0008140601
1.623	0.0008136402
1.624	0.000813207
1.625	0.0008127607
1.626	0.0008123016
1.627	0.0008118299
1.628	0.0008113449
1.629	0.0008108478
1.63	0.0008103384
1.631	0.0008098167
1.632	0.000809283
1.633	0.0008087373
1.634	0.00080818
1.635	0.000807611
1.636	0.0008070306
1.637	0.0008064388
1.638	0.0008058359
1.639	0.000805222
1.64	0.0008045971
1.641	0.0008039616
1.642	0.0008033155
1.643	0.0008026589
1.644	0.0008019921
1.645	0.0008013151
1.646	0.0008006281
1.647	0.0007999312
1.648	0.0007992249
1.649	0.0007985085
1.65	0.0007977829
1.651	0.000797048
1.652	0.0007963039
1.653	0.0007955508
1.654	0.0007947888
1.655	0.000794018
1.656	0.0007932386
1.657	0.0007924508
1.658	0.0007916546
1.659	0.0007908501
1.66	0.0007900376
1.661	0.0007892171
1.662	0.0007883888
1.663	0.0007875528
1.664	0.0007867092
1.665	0.0007858581
1.666	0.0007849998
1.667	0.0007841342
1.668	0.0007832616
1.669	0.000782382
1.67	0.0007814956
1.671	0.0007806024
1.672	0.0007797027
1.673	0.0007787965
1.674	0.0007778839
1.675	0.0007769651
1.676	0.0007760402
1.677	0.0007751092
1.678	0.0007741722
1.679	0.0007732297
1.68	0.0007722814
1.681	0.0007713275
1.682	0.0007703681
1.683	0.0007694034
1.684	0.0007684331
1.685	0.0007674583
1.686	0.0007664778
1.687	0.0007654931
1.688	0.0007645031
1.689	0.0007635084
1.69	0.0007625091
1.691	0.0007615052
1.692	0.0007604969
1.693	0.0007594842
1.694	0.0007584677
1.695	0.0007574462
1.696	0.000756421
1.697	0.0007553919
1.698	0.0007543589
1.699	0.0007533212
1.7	0.0007522815
1.701	0.0007512373
1.702	0.0007501896
1.703	0.0007491384
1.704	0.0007480839
1.705	0.0007470261
1.706	0.000745965
1.707	0.0007449009
1.708	0.0007438337
1.709	0.0007427635
1.71	0.0007416905
1.711	0.0007406146
1.712	0.000739536
1.713	0.0007384548
1.714	0.0007373709
1.715	0.0007362845
1.716	0.0007351957
1.717	0.0007341045
1.718	0.000733011
1.719	0.0007319152
1.72	0.0007308173
1.721	0.0007297178
1.722	0.0007286153
1.723	0.0007275113
1.724	0.0007264054
1.725	0.0007252976
1.726	0.0007241881
1.727	0.0007230768
1.728	0.0007219639
1.729	0.0007208494
1.73	0.0007197334
1.731	0.0007186158
1.732	0.0007174969
1.733	0.0007163764
1.734	0.0007152549
1.735	0.0007141321
1.736	0.000713008
1.737	0.0007118827
1.738	0.0007107564
1.739	0.000709629
1.74	0.0007085007
1.741	0.0007073713
1.742	0.0007062411
1.743	0.0007051101
1.744	0.0007039782
1.745	0.0007028456
1.746	0.0007017123
1.747	0.0007005783
1.748	0.0006994437
1.749	0.0006983085
1.75	0.0006971728
1.751	0.0006960367
1.752	0.0006949
1.753	0.000693763
1.754	0.0006926256
1.755	0.0006914879
1.756	0.00069035
1.757	0.0006892117
1.758	0.0006880733
1.759	0.0006869347
1.76	0.000685796
1.761	0.0006846572
1.762	0.0006835183
1.763	0.0006823794
1.764	0.0006812405
1.765	0.0006801017
1.766	0.000678963
1.767	0.0006778243
1.768	0.0006766858
1.769	0.0006755475
1.77	0.0006744094
1.771	0.0006732715
1.772	0.0006721343
1.773	0.0006709967
1.774	0.0006698597
1.775	0.0006687231
1.776	0.0006675869
1.777	0.000666451
1.778	0.0006653157
1.779	0.0006641808
1.78	0.0006630464
1.781	0.0006619125
1.782	0.0006607791
1.783	0.0006596464
1.784	0.0006585138
1.785	0.0006573826
1.786	0.0006562517
1.787	0.0006551215
1.788	0.000653992
1.789	0.000652863
1.79	0.000651735
1.791	0.0006506075
1.792	0.0006494808
1.793	0.0006483549
1.794	0.0006472302
1.795	0.000646106
1.796	0.0006449827
1.797	0.0006438603
1.798	0.0006427386
1.799	0.0006416183
1.8	0.0006404985
1.801	0.00063938
1.802	0.0006382619
1.803	0.0006371452
1.804	0.0006360293
1.805	0.0006349146
1.806	0.0006338009
1.807	0.0006326881
1.808	0.0006315767
1.809	0.0006304661
1.81	0.0006293566
1.811	0.0006282482
1.812	0.0006271409
1.813	0.0006260348
1.814	0.0006249298
1.815	0.0006238258
1.816	0.0006227234
1.817	0.0006216219
1.818	0.0006205218
1.819	0.0006194228
1.82	0.0006183249
1.821	0.0006172284
1.822	0.0006161331
1.823	0.0006150392
1.824	0.0006139461
1.825	0.0006128548
1.826	0.0006117645
1.827	0.0006106757
1.828	0.000609588
1.829	0.0006085019
1.83	0.0006074168
1.831	0.0006063333
1.832	0.0006052511
1.833	0.0006041703
1.834	0.0006030908
1.835	0.0006020125
1.836	0.0006009358
1.837	0.0005998605
1.838	0.0005987866
1.839	0.000597714
1.84	0.0005966429
1.841	0.0005955732
1.842	0.000594505
1.843	0.0005934381
1.844	0.0005923726
1.845	0.0005913088
1.846	0.0005902463
1.847	0.0005891852
1.848	0.0005881258
1.849	0.0005870678
1.85	0.0005860112
1.851	0.0005849561
1.852	0.0005839026
1.853	0.0005828505
1.854	0.0005817999
1.855	0.0005807509
1.856	0.0005797033
1.857	0.0005786573
1.858	0.0005776127
1.859	0.0005765698
1.86	0.0005755283
1.861	0.0005744884
1.862	0.0005734501
1.863	0.0005724133
1.864	0.000571378
1.865	0.0005703443
1.866	0.0005693122
1.867	0.0005682816
1.868	0.0005672526
1.869	0.0005662251
1.87	0.0005651993
1.871	0.0005641749
1.872	0.0005631522
1.873	0.0005621311
1.874	0.0005611115
1.875	0.0005600936
1.876	0.0005590772
1.877	0.0005580624
1.878	0.0005570492
1.879	0.0005560376
1.88	0.0005550276
1.881	0.0005540193
1.882	0.0005530124
1.883	0.0005520073
1.884	0.0005510037
1.885	0.0005500017
1.886	0.0005490013
1.887	0.0005480026
1.888	0.0005470055
1.889	0.0005460099
1.89	0.0005450159
1.891	0.0005440237
1.892	0.000543033
1.893	0.0005420439
1.894	0.0005410565
1.895	0.0005400706
1.896	0.0005390864
1.897	0.0005381039
1.898	0.0005371229
1.899	0.0005361436
1.9	0.0005351658
1.901	0.0005341897
1.902	0.0005332153
1.903	0.0005322425
1.904	0.0005312713
1.905	0.0005303017
1.906	0.0005293337
1.907	0.0005283674
1.908	0.0005274027
1.909	0.0005264396
1.91	0.0005254782
1.911	0.0005245183
1.912	0.0005235601
1.913	0.0005226035
1.914	0.0005216486
1.915	0.0005206953
1.916	0.0005197437
1.917	0.0005187935
1.918	0.0005178451
1.919	0.0005168983
1.92	0.0005159531
1.921	0.0005150095
1.922	0.0005140675
1.923	0.0005131272
1.924	0.0005121885
1.925	0.0005112514
1.926	0.000510316
1.927	0.0005093821
1.928	0.0005084499
1.929	0.0005075193
1.93	0.0005065903
1.931	0.0005056628
1.932	0.0005047371
1.933	0.0005038129
1.934	0.0005028904
1.935	0.0005019695
1.936	0.0005010502
1.937	0.0005001325
1.938	0.0004992164
1.939	0.0004983019
1.94	0.000497389
1.941	0.0004964777
1.942	0.0004955681
1.943	0.0004946599
1.944	0.0004937535
1.945	0.0004928486
1.946	0.0004919453
1.947	0.0004910436
1.948	0.0004901435
1.949	0.000489245
1.95	0.0004883482
1.951	0.0004874528
1.952	0.0004865591
1.953	0.0004856669
1.954	0.0004847764
1.955	0.0004838874
1.956	0.000483
1.957	0.0004821142
1.958	0.00048123
1.959	0.0004803474
1.96	0.0004794663
1.961	0.0004785867
1.962	0.0004777088
1.963	0.0004768325
1.964	0.0004759577
1.965	0.0004750844
1.966	0.0004742128
1.967	0.0004733427
1.968	0.0004724741
1.969	0.0004716072
1.97	0.0004707417
1.971	0.0004698779
1.972	0.0004690155
1.973	0.0004681547
1.974	0.0004672956
1.975	0.0004664379
1.976	0.0004655818
1.977	0.0004647272
1.978	0.0004638742
1.979	0.0004630227
1.98	0.0004621727
1.981	0.0004613243
1.982	0.0004604774
1.983	0.000459632
1.984	0.0004587882
1.985	0.0004579459
1.986	0.0004571052
1.987	0.0004562658
1.988	0.0004554281
1.989	0.000454592
1.99	0.0004537572
1.991	0.0004529241
1.992	0.0004520924
1.993	0.0004512622
1.994	0.0004504336
1.995	0.0004496065
1.996	0.0004487808
1.997	0.0004479566
1.998	0.000447134
1.999	0.0004463129
2	0.0004454932
2.001	0.000444675
2.002	0.0004438583
2.003	0.0004430431
2.004	0.0004422279
2.005	0.000441412
2.006	0.0004405945
2.007	0.0004397744
2.008	0.000438951
2.009	0.0004381231
2.01	0.00043729
2.011	0.0004364507
2.012	0.0004356043
2.013	0.0004347499
2.014	0.0004338865
2.015	0.0004330133
2.016	0.0004321294
2.017	0.0004312338
2.018	0.0004303257
2.019	0.0004294042
2.02	0.0004284685
2.021	0.0004275177
2.022	0.000426551
2.023	0.0004255676
2.024	0.0004245666
2.025	0.0004235475
2.026	0.0004225093
2.027	0.0004214513
2.028	0.0004203729
2.029	0.0004192733
2.03	0.0004181519
2.031	0.0004170081
2.032	0.0004158411
2.033	0.0004146505
2.034	0.0004134357
2.035	0.000412196
2.036	0.000410931
2.037	0.0004096402
2.038	0.0004083231
2.039	0.0004069793
2.04	0.0004056083
2.041	0.0004042097
2.042	0.0004027833
2.043	0.0004013285
2.044	0.0003998452
2.045	0.0003983329
2.046	0.0003967915
2.047	0.0003952208
2.048	0.0003936204
2.049	0.0003919902
2.05	0.00039033
2.051	0.0003886397
2.052	0.0003869192
2.053	0.0003851684
2.054	0.0003833871
2.055	0.0003815754
2.056	0.0003797333
2.057	0.0003778606
2.058	0.0003759576
2.059	0.0003740241
2.06	0.0003720602
2.061	0.0003700661
2.062	0.0003680419
2.063	0.0003659876
2.064	0.0003639034
2.065	0.0003617895
2.066	0.0003596461
2.067	0.0003574734
2.068	0.0003552715
2.069	0.0003530408
2.07	0.0003507814
2.071	0.0003484937
2.072	0.000346178
2.073	0.0003438345
2.074	0.0003414636
2.075	0.0003390655
2.076	0.0003366408
2.077	0.0003341896
2.078	0.0003317123
2.079	0.0003292095
2.08	0.0003266814
2.081	0.0003241284
2.082	0.0003215506
2.083	0.0003189497
2.084	0.0003163249
2.085	0.0003136769
2.086	0.0003110063
2.087	0.0003083135
2.088	0.000305599
2.089	0.0003028632
2.09	0.0003001068
2.091	0.0002973301
2.092	0.0002945337
2.093	0.0002917181
2.094	0.0002888838
2.095	0.0002860313
2.096	0.0002831611
2.097	0.0002802738
2.098	0.0002773699
2.099	0.0002744499
2.1	0.0002715144
2.101	0.0002685639
2.102	0.000265599
2.103	0.0002626201
2.104	0.0002596279
2.105	0.0002566226
2.106	0.0002536056
2.107	0.0002505766
2.108	0.0002475364
2.109	0.0002444856
2.11	0.0002414247
2.111	0.0002383543
2.112	0.000235275
2.113	0.0002321872
2.114	0.0002290915
2.115	0.0002259885
2.116	0.0002228787
2.117	0.0002197626
2.118	0.0002166408
2.119	0.0002135138
2.12	0.0002103821
2.121	0.0002072463
2.122	0.0002041069
2.123	0.0002009644
2.124	0.0001978193
2.125	0.0001946722
2.126	0.0001915235
2.127	0.0001883737
2.128	0.0001852234
2.129	0.0001820731
2.13	0.0001789232
2.131	0.0001757742
2.132	0.0001726266
2.133	0.000169481
2.134	0.0001663376
2.135	0.0001631971
2.136	0.0001600599
2.137	0.0001569265
2.138	0.0001537972
2.139	0.0001506725
2.14	0.000147553
2.141	0.0001444389
2.142	0.0001413308
2.143	0.0001382291
2.144	0.0001351341
2.145	0.0001320463
2.146	0.0001289661
2.147	0.0001258939
2.148	0.0001228301
2.149	0.000119775
2.15	0.0001167291
2.151	0.0001136927
2.152	0.0001106661
2.153	0.0001076499
2.154	0.0001046442
2.155	0.0001016495
2.156	9.87E-005
2.157	9.57E-005
2.158	9.27E-005
2.159	8.98E-005
2.16	8.69E-005
2.161	8.39E-005
2.162	8.10E-005
2.163	7.81E-005
2.164	7.52E-005
2.165	7.24E-005
2.166	6.95E-005
2.167	6.67E-005
2.168	6.39E-005
2.169	6.11E-005
2.17	5.83E-005
2.171	5.55E-005
2.172	5.27E-005
2.173	5.00E-005
2.174	4.72E-005
2.175	4.45E-005
2.176	4.18E-005
2.177	3.92E-005
2.178	3.65E-005
2.179	3.39E-005
2.18	3.12E-005
2.181	2.86E-005
2.182	2.60E-005
2.183	2.35E-005
2.184	2.09E-005
2.185	1.84E-005
2.186	1.59E-005
2.187	1.34E-005
2.188	1.09E-005
2.189	8.42E-006
2.19	5.98E-006
2.191	3.56E-006
2.192	1.16E-006
2.193	-1.22E-006
2.194	-3.58E-006
2.195	-5.92E-006
2.196	-8.25E-006
2.197	-1.05E-005
2.198	-1.28E-005
2.199	-1.51E-005
2.2	-1.73E-005
2.201	-1.95E-005
2.202	-2.17E-005
2.203	-2.39E-005
2.204	-2.61E-005
2.205	-2.82E-005
2.206	-3.03E-005
2.207	-3.24E-005
2.208	-3.45E-005
2.209	-3.66E-005
2.21	-3.86E-005
2.211	-4.06E-005
2.212	-4.26E-005
2.213	-4.46E-005
2.214	-4.65E-005
2.215	-4.84E-005
2.216	-5.03E-005
2.217	-5.22E-005
2.218	-5.41E-005
2.219	-5.59E-005
2.22	-5.77E-005
2.221	-5.95E-005
2.222	-6.13E-005
2.223	-6.30E-005
2.224	-6.48E-005
2.225	-6.65E-005
2.226	-6.82E-005
2.227	-6.98E-005
2.228	-7.15E-005
2.229	-7.31E-005
2.23	-7.47E-005
2.231	-7.63E-005
2.232	-7.79E-005
2.233	-7.94E-005
2.234	-8.09E-005
2.235	-8.24E-005
2.236	-8.39E-005
2.237	-8.53E-005
2.238	-8.68E-005
2.239	-8.82E-005
2.24	-8.96E-005
2.241	-9.09E-005
2.242	-9.23E-005
2.243	-9.36E-005
2.244	-9.49E-005
2.245	-9.62E-005
2.246	-9.75E-005
2.247	-9.87E-005
2.248	-9.99E-005
2.249	-0.0001011222
2.25	-0.0001023025
2.251	-0.0001034622
2.252	-0.0001046014
2.253	-0.0001057202
2.254	-0.0001068186
2.255	-0.0001078967
2.256	-0.0001089546
2.257	-0.0001099924
2.258	-0.00011101
2.259	-0.0001120077
2.26	-0.000112985
2.261	-0.0001139434
2.262	-0.0001148815
2.263	-0.0001158
2.264	-0.0001166989
2.265	-0.0001175783
2.266	-0.0001184383
2.267	-0.000119279
2.268	-0.0001201004
2.269	-0.0001209027
2.27	-0.000121686
2.271	-0.0001224503
2.272	-0.0001231957
2.273	-0.0001239224
2.274	-0.0001246304
2.275	-0.0001253198
2.276	-0.0001259907
2.277	-0.0001266433
2.278	-0.0001272776
2.279	-0.0001278938
2.28	-0.0001284918
2.281	-0.0001290719
2.282	-0.0001296342
2.283	-0.0001301786
2.284	-0.0001307055
2.285	-0.0001312148
2.286	-0.0001317066
2.287	-0.0001321812
2.288	-0.0001326385
2.289	-0.0001330787
2.29	-0.0001335019
2.291	-0.0001339082
2.292	-0.0001342977
2.293	-0.0001346706
2.294	-0.0001350269
2.295	-0.0001353668
2.296	-0.0001356904
2.297	-0.0001359977
2.298	-0.000136289
2.299	-0.0001365633
2.3	-0.0001368236
2.301	-0.0001370673
2.302	-0.0001372953
2.303	-0.0001375078
2.304	-0.0001377049
2.305	-0.0001378864
2.306	-0.0001380534
2.307	-0.000138205
2.308	-0.0001383416
2.309	-0.0001384635
2.31	-0.0001385707
2.311	-0.0001386633
2.312	-0.0001387414
2.313	-0.0001388053
2.314	-0.0001388549
2.315	-0.0001388904
2.316	-0.000138913
2.317	-0.0001389196
2.318	-0.0001389136
2.319	-0.0001388939
2.32	-0.0001388608
2.321	-0.0001388143
2.322	-0.0001387546
2.323	-0.0001386817
2.324	-0.0001385958
2.325	-0.0001384971
2.326	-0.0001383857
2.327	-0.0001382614
2.328	-0.0001381247
2.329	-0.0001379757
2.33	-0.0001378144
2.331	-0.0001376409
2.332	-0.0001374554
2.333	-0.0001372585
2.334	-0.0001370488
2.335	-0.0001368279
2.336	-0.0001365955
2.337	-0.0001363517
2.338	-0.0001360966
2.339	-0.0001358303
2.34	-0.000135553
2.341	-0.0001352647
2.342	-0.0001349657
2.343	-0.0001346559
2.344	-0.0001343356
2.345	-0.0001340048
2.346	-0.0001336637
2.347	-0.0001333125
2.348	-0.0001329511
2.349	-0.0001325798
2.35	-0.0001321986
2.351	-0.0001318077
2.352	-0.0001314072
2.353	-0.0001309973
2.354	-0.000130578
2.355	-0.0001301494
2.356	-0.000129712
2.357	-0.0001292651
2.358	-0.0001288095
2.359	-0.0001283452
2.36	-0.0001278723
2.361	-0.0001273909
2.362	-0.0001269011
2.363	-0.0001264029
2.364	-0.0001258966
2.365	-0.0001253822
2.366	-0.0001248601
2.367	-0.0001243299
2.368	-0.0001237921
2.369	-0.0001232468
2.37	-0.000122694
2.371	-0.0001221339
2.372	-0.0001215665
2.373	-0.0001209921
2.374	-0.0001204107
2.375	-0.0001198223
2.376	-0.0001192273
2.377	-0.0001186251
2.378	-0.0001180173
2.379	-0.0001174027
2.38	-0.0001167818
2.381	-0.0001161546
2.382	-0.0001155215
2.383	-0.0001148823
2.384	-0.0001142374
2.385	-0.0001135867
2.386	-0.0001129304
2.387	-0.0001122685
2.388	-0.0001116014
2.389	-0.0001109289
2.39	-0.0001102513
2.391	-0.0001095686
2.392	-0.000108881
2.393	-0.0001081886
2.394	-0.0001074915
2.395	-0.0001067897
2.396	-0.0001060835
2.397	-0.0001053727
2.398	-0.000104658
2.399	-0.0001039388
2.4	-0.0001032158
2.401	-0.000102489
2.402	-0.0001017579
2.403	-0.0001010233
2.404	-0.0001002851
2.405	-9.95E-005
2.406	-9.88E-005
2.407	-9.80E-005
2.408	-9.73E-005
2.409	-9.65E-005
2.41	-9.58E-005
2.411	-9.50E-005
2.412	-9.43E-005
2.413	-9.35E-005
2.414	-9.27E-005
2.415	-9.20E-005
2.416	-9.12E-005
2.417	-9.04E-005
2.418	-8.96E-005
2.419	-8.89E-005
2.42	-8.81E-005
2.421	-8.73E-005
2.422	-8.65E-005
2.423	-8.57E-005
2.424	-8.49E-005
2.425	-8.41E-005
2.426	-8.33E-005
2.427	-8.26E-005
2.428	-8.18E-005
2.429	-8.10E-005
2.43	-8.02E-005
2.431	-7.94E-005
2.432	-7.86E-005
2.433	-7.78E-005
2.434	-7.70E-005
2.435	-7.62E-005
2.436	-7.54E-005
2.437	-7.46E-005
2.438	-7.38E-005
2.439	-7.30E-005
2.44	-7.22E-005
2.441	-7.14E-005
2.442	-7.06E-005
2.443	-6.98E-005
2.444	-6.90E-005
2.445	-6.82E-005
2.446	-6.74E-005
2.447	-6.66E-005
2.448	-6.58E-005
2.449	-6.50E-005
2.45	-6.42E-005
2.451	-6.34E-005
2.452	-6.26E-005
2.453	-6.19E-005
2.454	-6.11E-005
2.455	-6.03E-005
2.456	-5.95E-005
2.457	-5.87E-005
2.458	-5.79E-005
2.459	-5.72E-005
2.46	-5.64E-005
2.461	-5.56E-005
2.462	-5.48E-005
2.463	-5.41E-005
2.464	-5.33E-005
2.465	-5.25E-005
2.466	-5.18E-005
2.467	-5.10E-005
2.468	-5.02E-005
2.469	-4.95E-005
2.47	-4.87E-005
2.471	-4.80E-005
2.472	-4.72E-005
2.473	-4.65E-005
2.474	-4.57E-005
2.475	-4.50E-005
2.476	-4.43E-005
2.477	-4.35E-005
2.478	-4.28E-005
2.479	-4.21E-005
2.48	-4.14E-005
2.481	-4.07E-005
2.482	-3.99E-005
2.483	-3.92E-005
2.484	-3.85E-005
2.485	-3.78E-005
2.486	-3.71E-005
2.487	-3.64E-005
2.488	-3.58E-005
2.489	-3.51E-005
2.49	-3.44E-005
2.491	-3.37E-005
2.492	-3.31E-005
2.493	-3.24E-005
2.494	-3.17E-005
2.495	-3.11E-005
2.496	-3.04E-005
2.497	-2.98E-005
2.498	-2.91E-005
2.499	-2.85E-005
2.5	-2.79E-005
2.501	-2.73E-005
2.502	-2.66E-005
2.503	-2.60E-005
2.504	-2.54E-005
2.505	-2.48E-005
2.506	-2.42E-005
2.507	-2.36E-005
2.508	-2.31E-005
2.509	-2.25E-005
2.51	-2.19E-005
2.511	-2.14E-005
2.512	-2.08E-005
2.513	-2.03E-005
2.514	-1.97E-005
2.515	-1.92E-005
2.516	-1.87E-005
2.517	-1.82E-005
2.518	-1.77E-005
2.519	-1.72E-005
2.52	-1.67E-005
2.521	-1.62E-005
2.522	-1.57E-005
2.523	-1.53E-005
2.524	-1.48E-005
2.525	-1.44E-005
2.526	-1.40E-005
2.527	-1.35E-005
2.528	-1.31E-005
2.529	-1.27E-005
2.53	-1.23E-005
2.531	-1.19E-005
2.532	-1.16E-005
2.533	-1.12E-005
2.534	-1.08E-005
2.535	-1.05E-005
2.536	-1.01E-005
2.537	-9.81E-006
2.538	-9.48E-006
2.539	-9.16E-006
2.54	-8.85E-006
2.541	-8.55E-006
2.542	-8.25E-006
2.543	-7.96E-006
2.544	-7.68E-006
2.545	-7.41E-006
2.546	-7.15E-006
2.547	-6.89E-006
2.548	-6.64E-006
2.549	-6.39E-006
2.55	-6.16E-006
2.551	-5.93E-006
2.552	-5.71E-006
2.553	-5.49E-006
2.554	-5.28E-006
2.555	-5.07E-006
2.556	-4.88E-006
2.557	-4.69E-006
2.558	-4.50E-006
2.559	-4.32E-006
2.56	-4.15E-006
2.561	-3.98E-006
2.562	-3.82E-006
2.563	-3.66E-006
2.564	-3.51E-006
2.565	-3.36E-006
2.566	-3.22E-006
2.567	-3.08E-006
2.568	-2.95E-006
2.569	-2.82E-006
2.57	-2.70E-006
2.571	-2.58E-006
2.572	-2.47E-006
2.573	-2.36E-006
2.574	-2.25E-006
2.575	-2.15E-006
2.576	-2.05E-006
2.577	-1.96E-006
2.578	-1.87E-006
2.579	-1.78E-006
2.58	-1.70E-006
2.581	-1.62E-006
2.582	-1.54E-006
2.583	-1.47E-006
2.584	-1.40E-006
2.585	-1.33E-006
2.586	-1.27E-006
2.587	-1.20E-006
2.588	-1.15E-006
2.589	-1.09E-006
2.59	-1.04E-006
2.591	-9.86E-007
2.592	-9.38E-007
2.593	-8.92E-007
2.594	-8.48E-007
2.595	-8.07E-007
2.596	-7.67E-007
2.597	-7.30E-007
2.598	-6.95E-007
2.599	-6.62E-007
2.6	-6.30E-007
2.601	-6.01E-007
2.602	-5.73E-007
2.603	-5.47E-007
2.604	-5.22E-007
2.605	-4.99E-007
2.606	-4.77E-007
2.607	-4.57E-007
2.608	-4.39E-007
2.609	-4.21E-007
2.61	-4.05E-007
2.611	-3.91E-007
2.612	-3.77E-007
2.613	-3.65E-007
2.614	-3.53E-007
2.615	-3.43E-007
2.616	-3.34E-007
2.617	-3.25E-007
2.618	-3.18E-007
2.619	-3.12E-007
2.62	-3.06E-007
2.621	-3.01E-007
2.622	-2.97E-007
2.623	-2.94E-007
2.624	-2.91E-007
2.625	-2.89E-007
2.626	-2.88E-007
2.627	-2.88E-007
2.628	-2.87E-007
2.629	-2.88E-007
2.63	-2.89E-007
2.631	-2.91E-007
2.632	-2.93E-007
2.633	-2.95E-007
2.634	-2.98E-007
2.635	-3.01E-007
2.636	-3.05E-007
2.637	-3.09E-007
2.638	-3.13E-007
2.639	-3.18E-007
2.64	-3.23E-007
2.641	-3.28E-007
2.642	-3.34E-007
2.643	-3.40E-007
2.644	-3.46E-007
2.645	-3.52E-007
2.646	-3.58E-007
2.647	-3.65E-007
2.648	-3.72E-007
2.649	-3.78E-007
2.65	-3.85E-007
2.651	-3.93E-007
2.652	-4.00E-007
2.653	-4.07E-007
2.654	-4.15E-007
2.655	-4.22E-007
2.656	-4.30E-007
2.657	-4.37E-007
2.658	-4.45E-007
2.659	-4.53E-007
2.66	-4.61E-007
2.661	-4.68E-007
2.662	-4.76E-007
2.663	-4.84E-007
2.664	-4.92E-007
2.665	-4.99E-007
2.666	-5.07E-007
2.667	-5.15E-007
2.668	-5.23E-007
2.669	-5.30E-007
2.67	-5.38E-007
2.671	-5.46E-007
2.672	-5.53E-007
2.673	-5.61E-007
2.674	-5.68E-007
2.675	-5.76E-007
2.676	-5.83E-007
2.677	-5.90E-007
2.678	-5.97E-007
2.679	-6.04E-007
2.68	-6.11E-007
2.681	-6.18E-007
2.682	-6.25E-007
2.683	-6.32E-007
2.684	-6.39E-007
2.685	-6.45E-007
2.686	-6.52E-007
2.687	-6.58E-007
2.688	-6.65E-007
2.689	-6.71E-007
2.69	-6.77E-007
2.691	-6.83E-007
2.692	-6.89E-007
2.693	-6.95E-007
2.694	-7.01E-007
2.695	-7.07E-007
2.696	-7.12E-007
2.697	-7.18E-007
2.698	-7.23E-007
2.699	-7.28E-007
2.7	-7.33E-007
2.701	-7.39E-007
2.702	-7.43E-007
2.703	-7.48E-007
2.704	-7.53E-007
2.705	-7.58E-007
2.706	-7.62E-007
2.707	-7.67E-007
2.708	-7.71E-007
2.709	-7.75E-007
2.71	-7.80E-007
2.711	-7.84E-007
2.712	-7.88E-007
2.713	-7.91E-007
2.714	-7.95E-007
2.715	-7.99E-007
2.716	-8.02E-007
2.717	-8.06E-007
2.718	-8.09E-007
2.719	-8.13E-007
2.72	-8.16E-007
2.721	-8.19E-007
2.722	-8.22E-007
2.723	-8.25E-007
2.724	-8.28E-007
2.725	-8.31E-007
2.726	-8.33E-007
2.727	-8.36E-007
2.728	-8.38E-007
2.729	-8.41E-007
2.73	-8.43E-007
2.731	-8.45E-007
2.732	-8.47E-007
2.733	-8.50E-007
2.734	-8.52E-007
2.735	-8.53E-007
2.736	-8.55E-007
2.737	-8.57E-007
2.738	-8.59E-007
2.739	-8.60E-007
2.74	-8.62E-007
2.741	-8.63E-007
2.742	-8.65E-007
2.743	-8.66E-007
2.744	-8.67E-007
2.745	-8.69E-007
2.746	-8.70E-007
2.747	-8.71E-007
2.748	-8.72E-007
2.749	-8.73E-007
2.75	-8.74E-007
2.751	-8.75E-007
2.752	-8.75E-007
2.753	-8.76E-007
2.754	-8.77E-007
2.755	-8.77E-007
2.756	-8.78E-007
2.757	-8.78E-007
2.758	-8.79E-007
2.759	-8.79E-007
2.76	-8.79E-007
2.761	-8.80E-007
2.762	-8.80E-007
2.763	-8.80E-007
2.764	-8.80E-007
2.765	-8.80E-007
2.766	-8.80E-007
2.767	-8.80E-007
2.768	-8.80E-007
2.769	-8.80E-007
2.77	-8.80E-007
2.771	-8.80E-007
2.772	-8.79E-007
2.773	-8.79E-007
2.774	-8.79E-007
2.775	-8.79E-007
2.776	-8.78E-007
2.777	-8.78E-007
2.778	-8.77E-007
2.779	-8.77E-007
2.78	-8.76E-007
2.781	-8.76E-007
2.782	-8.75E-007
2.783	-8.74E-007
2.784	-8.74E-007
2.785	-8.73E-007
2.786	-8.72E-007
2.787	-8.72E-007
2.788	-8.71E-007
2.789	-8.70E-007
2.79	-8.69E-007
2.791	-8.68E-007
2.792	-8.67E-007
2.793	-8.66E-007
2.794	-8.65E-007
2.795	-8.64E-007
2.796	-8.63E-007
2.797	-8.62E-007
2.798	-8.61E-007
2.799	-8.60E-007
2.8	-8.59E-007
2.801	-8.58E-007
2.802	-8.57E-007
2.803	-8.56E-007
2.804	-8.54E-007
2.805	-8.53E-007
2.806	-8.52E-007
2.807	-8.51E-007
2.808	-8.50E-007
2.809	-8.48E-007
2.81	-8.47E-007
2.811	-8.46E-007
2.812	-8.44E-007
2.813	-8.43E-007
2.814	-8.42E-007
2.815	-8.40E-007
2.816	-8.39E-007
2.817	-8.38E-007
2.818	-8.36E-007
2.819	-8.35E-007
2.82	-8.33E-007
2.821	-8.32E-007
2.822	-8.30E-007
2.823	-8.29E-007
2.824	-8.27E-007
2.825	-8.26E-007
2.826	-8.24E-007
2.827	-8.23E-007
2.828	-8.21E-007
2.829	-8.20E-007
2.83	-8.18E-007
2.831	-8.17E-007
2.832	-8.15E-007
2.833	-8.14E-007
2.834	-8.12E-007
2.835	-8.10E-007
2.836	-8.09E-007
2.837	-8.07E-007
2.838	-8.06E-007
2.839	-8.04E-007
2.84	-8.02E-007
2.841	-8.01E-007
2.842	-7.99E-007
2.843	-7.97E-007
2.844	-7.96E-007
2.845	-7.94E-007
2.846	-7.92E-007
2.847	-7.91E-007
2.848	-7.89E-007
2.849	-7.87E-007
2.85	-7.86E-007
2.851	-7.84E-007
2.852	-7.82E-007
2.853	-7.81E-007
2.854	-7.79E-007
2.855	-7.77E-007
2.856	-7.76E-007
2.857	-7.74E-007
2.858	-7.72E-007
2.859	-7.70E-007
2.86	-7.69E-007
2.861	-7.67E-007
2.862	-7.65E-007
2.863	-7.64E-007
2.864	-7.62E-007
2.865	-7.60E-007
2.866	-7.59E-007
2.867	-7.57E-007
2.868	-7.55E-007
2.869	-7.53E-007
2.87	-7.52E-007
2.871	-7.50E-007
2.872	-7.48E-007
2.873	-7.46E-007
2.874	-7.45E-007
2.875	-7.43E-007
2.876	-7.41E-007
2.877	-7.40E-007
2.878	-7.38E-007
2.879	-7.36E-007
2.88	-7.34E-007
2.881	-7.33E-007
2.882	-7.31E-007
2.883	-7.29E-007
2.884	-7.28E-007
2.885	-7.26E-007
2.886	-7.24E-007
2.887	-7.22E-007
2.888	-7.21E-007
2.889	-7.19E-007
2.89	-7.17E-007
2.891	-7.16E-007
2.892	-7.14E-007
2.893	-7.12E-007
2.894	-7.11E-007
2.895	-7.09E-007
2.896	-7.07E-007
2.897	-7.05E-007
2.898	-7.04E-007
2.899	-7.02E-007
2.9	-7.00E-007
2.901	-6.99E-007
2.902	-6.97E-007
2.903	-6.95E-007
2.904	-6.94E-007
2.905	-6.92E-007
2.906	-6.90E-007
2.907	-6.89E-007
2.908	-6.87E-007
2.909	-6.85E-007
2.91	-6.84E-007
2.911	-6.82E-007
2.912	-6.80E-007
2.913	-6.79E-007
2.914	-6.77E-007
2.915	-6.75E-007
2.916	-6.74E-007
2.917	-6.72E-007
2.918	-6.70E-007
2.919	-6.69E-007
2.92	-6.67E-007
2.921	-6.66E-007
2.922	-6.64E-007
2.923	-6.62E-007
2.924	-6.61E-007
2.925	-6.59E-007
2.926	-6.57E-007
2.927	-6.56E-007
2.928	-6.54E-007
2.929	-6.53E-007
2.93	-6.51E-007
2.931	-6.49E-007
2.932	-6.48E-007
2.933	-6.46E-007
2.934	-6.45E-007
2.935	-6.43E-007
2.936	-6.42E-007
2.937	-6.40E-007
2.938	-6.38E-007
2.939	-6.37E-007
2.94	-6.35E-007
2.941	-6.34E-007
2.942	-6.32E-007
2.943	-6.31E-007
2.944	-6.29E-007
2.945	-6.28E-007
2.946	-6.26E-007
2.947	-6.24E-007
2.948	-6.23E-007
2.949	-6.21E-007
2.95	-6.20E-007
2.951	-6.18E-007
2.952	-6.17E-007
2.953	-6.15E-007
2.954	-6.14E-007
2.955	-6.12E-007
2.956	-6.11E-007
2.957	-6.09E-007
2.958	-6.08E-007
2.959	-6.06E-007
2.96	-6.05E-007
2.961	-6.03E-007
2.962	-6.02E-007
2.963	-6.00E-007
2.964	-5.99E-007
2.965	-5.98E-007
2.966	-5.96E-007
2.967	-5.95E-007
2.968	-5.93E-007
2.969	-5.92E-007
2.97	-5.90E-007
2.971	-5.89E-007
2.972	-5.87E-007
2.973	-5.86E-007
2.974	-5.85E-007
2.975	-5.83E-007
2.976	-5.82E-007
2.977	-5.80E-007
2.978	-5.79E-007
2.979	-5.78E-007
2.98	-5.76E-007
2.981	-5.75E-007
2.982	-5.73E-007
2.983	-5.72E-007
2.984	-5.71E-007
2.985	-5.69E-007
2.986	-5.68E-007
2.987	-5.66E-007
2.988	-5.65E-007
2.989	-5.64E-007
2.99	-5.62E-007
2.991	-5.61E-007
2.992	-5.60E-007
2.993	-5.58E-007
2.994	-5.57E-007
2.995	-5.56E-007
2.996	-5.54E-007
2.997	-5.53E-007
2.998	-5.52E-007
2.999	-5.50E-007
3	-5.49E-007

