0	0
0.001	0
0.002	0
0.003	0
0.004	0
0.005	0
0.006	0
0.007	0
0.008	0
0.009	0
0.01	0
0.011	0
0.012	0
0.013	0
0.014	0
0.015	0
0.016	0
0.017	0
0.018	0
0.019	0
0.02	0
0.021	0
0.022	0
0.023	0
0.024	0
0.025	0
0.026	0
0.027	0
0.028	0
0.029	0
0.03	0
0.031	0
0.032	0
0.033	0
0.034	0
0.035	0
0.036	0
0.037	0
0.038	0
0.039	0
0.04	0
0.041	0
0.042	0
0.043	0
0.044	0
0.045	0
0.046	0
0.047	0
0.048	0
0.049	0
0.05	0
0.051	0
0.052	0
0.053	0
0.054	0
0.055	0
0.056	0
0.057	0
0.058	0
0.059	0
0.06	0
0.061	0
0.062	0
0.063	0
0.064	0
0.065	0
0.066	0
0.067	0
0.068	0
0.069	0
0.07	0
0.071	0
0.072	0
0.073	0
0.074	0
0.075	0
0.076	0
0.077	0
0.078	0
0.079	0
0.08	0
0.081	0
0.082	0
0.083	0
0.084	0
0.085	0
0.086	0
0.087	0
0.088	0
0.089	0
0.09	0
0.091	0
0.092	0
0.093	0
0.094	0
0.095	0
0.096	0
0.097	0
0.098	0
0.099	0
0.1	0
0.101	0
0.102	0
0.103	0.0052299652
0.104	0.0137191073
0.105	0.0253236327
0.106	0.0399044862
0.107	0.0573272117
0.108	0.0774618162
0.109	0.1001826379
0.11	0.1253682176
0.111	0.1529011745
0.112	0.182668084
0.113	0.2145593608
0.114	0.248469144
0.115	0.2842951854
0.116	0.3219387418
0.117	0.3613044699
0.118	0.4023003235
0.119	0.4448374548
0.12	0.4888301176
0.121	0.5341955737
0.122	0.5808540014
0.123	0.6287284075
0.124	0.6777445407
0.125	0.7278308084
0.126	0.7789181954
0.127	0.8309401847
0.128	0.8838326812
0.129	0.9375339371
0.13	0.9919844792
0.131	1.0471270392
0.132	1.1029064849
0.133	1.1592697541
0.134	1.2161657901
0.135	1.2735454792
0.136	1.3313615897
0.137	1.3895687132
0.138	1.4481232067
0.139	1.5069831377
0.14	1.5661082293
0.141	1.6254598081
0.142	1.6850007534
0.143	1.7446954471
0.144	1.8045097261
0.145	1.8644108354
0.146	1.9243673829
0.147	1.984349295
0.148	2.0443277747
0.149	2.104275259
0.15	2.1641653796
0.151	2.2239729233
0.152	2.2836737944
0.153	2.3432449774
0.154	2.4026645017
0.155	2.4619114068
0.156	2.5209657085
0.157	2.5798083665
0.158	2.6384212523
0.159	2.6967871188
0.16	2.7548895706
0.161	2.8127130345
0.162	2.8702427319
0.163	2.9274646512
0.164	2.9843655218
0.165	3.0409327881
0.166	3.0971545846
0.167	3.1530197122
0.168	3.2085176145
0.169	3.2636383551
0.17	3.3183725956
0.171	3.3727115747
0.172	3.426647087
0.173	3.4801714629
0.174	3.53327755
0.175	3.5859586931
0.176	3.638208717
0.177	3.6900219082
0.178	3.7413929977
0.179	3.792317145
0.18	3.8427899213
0.181	3.8928072942
0.182	3.9423656127
0.183	3.9914615925
0.184	4.0400923015
0.185	4.0882551466
0.186	4.1359478601
0.187	4.1831684867
0.188	4.2299153712
0.189	4.2761871466
0.19	4.321982722
0.191	4.3673012716
0.192	4.4121422236
0.193	4.4565052496
0.194	4.5003902544
0.195	4.5437973661
0.196	4.5867269264
0.197	4.6291794814
0.198	4.6711557725
0.199	4.7126567278
0.2	4.7536834537
0.201	4.7942372266
0.202	4.8343194854
0.203	4.8739318236
0.204	4.9130759819
0.205	4.9517538414
0.206	4.9899674166
0.207	5.0277188486
0.208	5.0650103991
0.209	5.1018444439
0.21	5.1382234668
0.211	5.1741500543
0.212	5.2096268898
0.213	5.2446567481
0.214	5.2792424904
0.215	5.3133870591
0.216	5.3470934733
0.217	5.380364824
0.218	5.4132042693
0.219	5.4456150305
0.22	5.4776003879
0.221	5.5091636765
0.222	5.5403082823
0.223	5.5710376385
0.224	5.6013552223
0.225	5.6312645506
0.226	5.6607691775
0.227	5.6898726907
0.228	5.7185787085
0.229	5.7468908768
0.23	5.7748128664
0.231	5.8023483698
0.232	5.8295010992
0.233	5.8562747836
0.234	5.8826731664
0.235	5.9087000031
0.236	5.9343590583
0.237	5.9596541076
0.238	5.9845889272
0.239	6.0091673005
0.24	6.0333930116
0.241	6.0572698448
0.242	6.0808015826
0.243	6.103992004
0.244	6.1268448831
0.245	6.1493639874
0.246	6.1715530765
0.247	6.1934159006
0.248	6.2149561992
0.249	6.2361777001
0.25	6.2570841176
0.251	6.277679152
0.252	6.2979664881
0.253	6.3179497943
0.254	6.3376327219
0.255	6.3570189034
0.256	6.3761119525
0.257	6.3949154627
0.258	6.4134330066
0.259	6.4316681354
0.26	6.4496243779
0.261	6.4673052399
0.262	6.4847142037
0.263	6.5018547275
0.264	6.5187302445
0.265	6.5353441629
0.266	6.5516998657
0.267	6.5678007071
0.268	6.5836500185
0.269	6.599251102
0.27	6.6146072325
0.271	6.6297216577
0.272	6.6445975969
0.273	6.6592382412
0.274	6.6736467533
0.275	6.6878262668
0.276	6.7017798866
0.277	6.7155106883
0.278	6.7290217179
0.279	6.7423159925
0.28	6.7553964986
0.281	6.7682661944
0.282	6.7809280059
0.283	6.7933848323
0.284	6.80563954
0.285	6.8176949674
0.286	6.8295539218
0.287	6.8412191808
0.288	6.8526934919
0.289	6.8639795726
0.29	6.8750801104
0.291	6.885997763
0.292	6.8967351579
0.293	6.9072948928
0.294	6.9176795366
0.295	6.9278916271
0.296	6.9379336733
0.297	6.9478081548
0.298	6.9575175216
0.299	6.9670641947
0.3	6.9764505659
0.301	6.9856789981
0.302	6.9947518253
0.303	7.003671353
0.304	7.0124398581
0.305	7.0210595893
0.306	7.0295327671
0.307	7.0378615839
0.308	7.0460482046
0.309	7.0540947663
0.31	7.0620033785
0.311	7.0697761239
0.312	7.0774150581
0.313	7.0849222096
0.314	7.0922995806
0.315	7.0995491468
0.316	7.1066728577
0.317	7.1136726369
0.318	7.1205503822
0.319	7.1273079659
0.32	7.1339472352
0.321	7.1404700118
0.322	7.1468780935
0.323	7.1531732513
0.324	7.1593572347
0.325	7.1654317673
0.326	7.1713985491
0.327	7.1772592564
0.328	7.1830155423
0.329	7.1886690364
0.33	7.1942213455
0.331	7.1996740536
0.332	7.2050287222
0.333	7.2102868906
0.334	7.2154500758
0.335	7.2205197734
0.336	7.2254974573
0.337	7.2303845799
0.338	7.2351825727
0.339	7.2398928466
0.34	7.2445167908
0.341	7.2490557758
0.342	7.2535111503
0.343	7.2578842448
0.344	7.2621763684
0.345	7.2663888119
0.346	7.2705228461
0.347	7.2745797241
0.348	7.2785606785
0.349	7.2824669246
0.35	7.2862996589
0.351	7.2900600601
0.352	7.2937492887
0.353	7.2973684878
0.354	7.300918783
0.355	7.3044012827
0.356	7.3078170784
0.357	7.3111672447
0.358	7.3144528397
0.359	7.3176749051
0.36	7.3208344666
0.361	7.3239325337
0.362	7.3269701011
0.363	7.3299481464
0.364	7.3328676333
0.365	7.3357295096
0.366	7.3385347086
0.367	7.3412841488
0.368	7.3439787341
0.369	7.3466193542
0.37	7.3492068846
0.371	7.3517421869
0.372	7.354226109
0.373	7.3566594853
0.374	7.3590431367
0.375	7.361377871
0.376	7.363664483
0.377	7.3659037546
0.378	7.3680964553
0.379	7.370243342
0.38	7.3723451592
0.381	7.3744026394
0.382	7.3764165032
0.383	7.3783874595
0.384	7.3803162053
0.385	7.3822034265
0.386	7.3840497974
0.387	7.3858559816
0.388	7.3876226314
0.389	7.3893503885
0.39	7.3910398838
0.391	7.3926917378
0.392	7.3943065608
0.393	7.3958849527
0.394	7.3974275036
0.395	7.3989347934
0.396	7.4004073927
0.397	7.4018458621
0.398	7.403250753
0.399	7.4046226073
0.4	7.405961958
0.401	7.4072693288
0.402	7.4085452347
0.403	7.4097901817
0.404	7.4110046676
0.405	7.4121891809
0.406	7.4133442026
0.407	7.414470205
0.408	7.4155676525
0.409	7.4166370009
0.41	7.4176786991
0.411	7.4186931874
0.412	7.4196808988
0.413	7.4206422588
0.414	7.4215776855
0.415	7.4224875895
0.416	7.4233723745
0.417	7.4242324368
0.418	7.4250681662
0.419	7.4258799451
0.42	7.4266681495
0.421	7.4274331488
0.422	7.4281753056
0.423	7.4288949762
0.424	7.4295925106
0.425	7.4302682525
0.426	7.4309225395
0.427	7.4315557031
0.428	7.4321680689
0.429	7.4327599566
0.43	7.4333316802
0.431	7.4338835479
0.432	7.4344158624
0.433	7.4349289209
0.434	7.4354230153
0.435	7.4358984319
0.436	7.4363554521
0.437	7.4367943519
0.438	7.4372154022
0.439	7.4376188691
0.44	7.4380050137
0.441	7.4383740922
0.442	7.4387263563
0.443	7.4390620523
0.444	7.4393814229
0.445	7.4396847056
0.446	7.4399721337
0.447	7.440243936
0.448	7.4405003369
0.449	7.4407415568
0.45	7.4409678117
0.451	7.4411793136
0.452	7.4413762704
0.453	7.4415588861
0.454	7.4417273608
0.455	7.4418818905
0.456	7.4420226679
0.457	7.4421498809
0.458	7.4422637156
0.459	7.4423643526
0.46	7.4424519701
0.461	7.4425267422
0.462	7.44258884
0.463	7.442638431
0.464	7.4426756795
0.465	7.4427007461
0.466	7.4427137889
0.467	7.4427149625
0.468	7.4427044179
0.469	7.4426823041
0.47	7.442648766
0.471	7.4426039463
0.472	7.4425479845
0.473	7.4424810172
0.474	7.4424031783
0.475	7.4423145988
0.476	7.442215407
0.477	7.4421057286
0.478	7.4419856869
0.479	7.4418554021
0.48	7.441714992
0.481	7.4415645722
0.482	7.4414042555
0.483	7.4412341524
0.484	7.441054371
0.485	7.4408650172
0.486	7.4406661943
0.487	7.4404580036
0.488	7.440240544
0.489	7.4400139123
0.49	7.4397782032
0.491	7.4395335089
0.492	7.4392799203
0.493	7.4390175253
0.494	7.4387464104
0.495	7.43846666
0.496	7.4381783564
0.497	7.4378815802
0.498	7.43757641
0.499	7.4372629224
0.5	7.4369411924
0.501	7.4366112932
0.502	7.436273296
0.503	7.4359272707
0.504	7.4355732847
0.505	7.4352114048
0.506	7.4348416953
0.507	7.434464219
0.508	7.4340790379
0.509	7.4336862113
0.51	7.4332857975
0.511	7.4328778533
0.512	7.432462434
0.513	7.4320395933
0.514	7.4316093836
0.515	7.4311718559
0.516	7.4307270594
0.517	7.4302750427
0.518	7.4298158523
0.519	7.429349534
0.52	7.4288761315
0.521	7.428395688
0.522	7.4279082452
0.523	7.4274138434
0.524	7.4269125215
0.525	7.4264043179
0.526	7.4258892691
0.527	7.425367411
0.528	7.4248387777
0.529	7.4243034029
0.53	7.4237613188
0.531	7.4232125564
0.532	7.422657146
0.533	7.4220951166
0.534	7.4215264963
0.535	7.4209513118
0.536	7.4203695896
0.537	7.4197813544
0.538	7.4191866303
0.539	7.4185854405
0.54	7.4179778071
0.541	7.4173637513
0.542	7.4167432938
0.543	7.4161164536
0.544	7.4154832496
0.545	7.4148436995
0.546	7.4141978201
0.547	7.4135456274
0.548	7.4128871368
0.549	7.4122223627
0.55	7.4115513187
0.551	7.4108740176
0.552	7.4101904716
0.553	7.409500692
0.554	7.4088046894
0.555	7.4081024736
0.556	7.4073940539
0.557	7.4066794386
0.558	7.4059586355
0.559	7.4052316517
0.56	7.4044984939
0.561	7.403759167
0.562	7.4030136768
0.563	7.4022620276
0.564	7.4015042231
0.565	7.4007402666
0.566	7.3999701606
0.567	7.3991939071
0.568	7.3984115075
0.569	7.3976229627
0.57	7.3968282727
0.571	7.3960274375
0.572	7.395220456
0.573	7.3944073268
0.574	7.393588048
0.575	7.3927626172
0.576	7.3919310312
0.577	7.3910932866
0.578	7.3902493794
0.579	7.3893993049
0.58	7.3885430585
0.581	7.3876806343
0.582	7.3868120265
0.583	7.3859372287
0.584	7.385056234
0.585	7.384169035
0.586	7.3832756243
0.587	7.3823759932
0.588	7.3814701333
0.589	7.3805580355
0.59	7.3796396903
0.591	7.3787150878
0.592	7.3777842179
0.593	7.3768470696
0.594	7.375903632
0.595	7.3749538935
0.596	7.3739978425
0.597	7.3730354665
0.598	7.3720667531
0.599	7.3710916892
0.6	7.3701102616
0.601	7.3691224565
0.602	7.36812826
0.603	7.3671276578
0.604	7.366120635
0.605	7.3651071767
0.606	7.3640872675
0.607	7.3630608918
0.608	7.3620280336
0.609	7.3609886765
0.61	7.3599428039
0.611	7.358890399
0.612	7.3578314445
0.613	7.3567659228
0.614	7.3556938161
0.615	7.3546151066
0.616	7.3535297755
0.617	7.3524378045
0.618	7.3513391744
0.619	7.3502338661
0.62	7.3491218603
0.621	7.3480031371
0.622	7.3468776764
0.623	7.3457454581
0.624	7.3446064617
0.625	7.3434606665
0.626	7.3423080513
0.627	7.3411485951
0.628	7.3399822763
0.629	7.3388090731
0.63	7.3376289638
0.631	7.336441926
0.632	7.3352479374
0.633	7.3340469753
0.634	7.332839017
0.635	7.3316240393
0.636	7.330402019
0.637	7.3291729325
0.638	7.3279367563
0.639	7.3266934663
0.64	7.3254430384
0.641	7.3241854483
0.642	7.3229206717
0.643	7.3216486837
0.644	7.3203694594
0.645	7.3190829737
0.646	7.3177892015
0.647	7.3164881171
0.648	7.315179695
0.649	7.3138639092
0.65	7.3125407339
0.651	7.3112101428
0.652	7.3098721095
0.653	7.3085266075
0.654	7.3071736101
0.655	7.3058130904
0.656	7.3044450214
0.657	7.3030693759
0.658	7.3016861264
0.659	7.3002952455
0.66	7.2988967054
0.661	7.2974904783
0.662	7.2960765362
0.663	7.2946548509
0.664	7.2932253941
0.665	7.2917881373
0.666	7.290343052
0.667	7.2888901093
0.668	7.2874292803
0.669	7.2859605361
0.67	7.2844838473
0.671	7.2829991846
0.672	7.2815065187
0.673	7.2800058198
0.674	7.2784970581
0.675	7.276980204
0.676	7.2754552271
0.677	7.2739220975
0.678	7.2723807849
0.679	7.2708312588
0.68	7.2692734887
0.681	7.2677074439
0.682	7.2661330936
0.683	7.2645504069
0.684	7.2629593527
0.685	7.2613598999
0.686	7.2597520172
0.687	7.2581356731
0.688	7.2565108361
0.689	7.2548774748
0.69	7.2532355571
0.691	7.2515850512
0.692	7.2499259254
0.693	7.248258147
0.694	7.2465816842
0.695	7.2448965047
0.696	7.2432025758
0.697	7.2414998652
0.698	7.2397883401
0.699	7.2380679677
0.7	7.2363387152
0.701	7.2346005496
0.702	7.2328534379
0.703	7.2310973467
0.704	7.2293322427
0.705	7.2275580929
0.706	7.2257748635
0.707	7.2239825207
0.708	7.2221810311
0.709	7.2203703608
0.71	7.218550476
0.711	7.2167213425
0.712	7.2148829265
0.713	7.2130351935
0.714	7.2111781094
0.715	7.2093116398
0.716	7.2074357502
0.717	7.205550406
0.718	7.2036555726
0.719	7.2017512151
0.72	7.1998372989
0.721	7.1979137889
0.722	7.1959806502
0.723	7.1940378476
0.724	7.1920853458
0.725	7.1901231096
0.726	7.1881511037
0.727	7.1861692926
0.728	7.1841776406
0.729	7.1821761122
0.73	7.1801646717
0.731	7.1781432832
0.732	7.1761119109
0.733	7.1740705187
0.734	7.1720190707
0.735	7.1699575306
0.736	7.1678858622
0.737	7.1658040292
0.738	7.1637119954
0.739	7.1616097241
0.74	7.1594971788
0.741	7.1573743229
0.742	7.1552411197
0.743	7.1530975324
0.744	7.1509435241
0.745	7.1487790579
0.746	7.1466040968
0.747	7.1444186037
0.748	7.1422225412
0.749	7.1400158725
0.75	7.1377985598
0.751	7.1355705661
0.752	7.1333318535
0.753	7.1310823848
0.754	7.1288221222
0.755	7.1265510282
0.756	7.1242690647
0.757	7.1219761941
0.758	7.1196723783
0.759	7.1173575795
0.76	7.1150317595
0.761	7.1126948802
0.762	7.1103469034
0.763	7.1079877909
0.764	7.1056175041
0.765	7.1032360048
0.766	7.1008432545
0.767	7.0984392145
0.768	7.0960238463
0.769	7.0935971111
0.77	7.0911589703
0.771	7.0887093849
0.772	7.086248316
0.773	7.0837757247
0.774	7.0812915719
0.775	7.0787958185
0.776	7.0762884254
0.777	7.0737693533
0.778	7.0712385628
0.779	7.0686960147
0.78	7.0661416694
0.781	7.0635754876
0.782	7.0609974295
0.783	7.0584074556
0.784	7.0558055261
0.785	7.0531916013
0.786	7.0505656414
0.787	7.0479276065
0.788	7.0452774565
0.789	7.0426151515
0.79	7.0399406515
0.791	7.0372539161
0.792	7.0345549053
0.793	7.0318435789
0.794	7.0291198962
0.795	7.0263838171
0.796	7.0236353011
0.797	7.0208743077
0.798	7.0181007962
0.799	7.0153147259
0.8	7.0125160563
0.801	7.0097047465
0.802	7.0068807557
0.803	7.0040440431
0.804	7.0011945676
0.805	6.9983322884
0.806	6.9954571642
0.807	6.9925691539
0.808	6.9896682165
0.809	6.9867543105
0.81	6.9838273949
0.811	6.980887428
0.812	6.9779343687
0.813	6.9749681753
0.814	6.9719888063
0.815	6.9689962202
0.816	6.9659903752
0.817	6.9629712297
0.818	6.9599387419
0.819	6.95689287
0.82	6.953833572
0.821	6.9507608061
0.822	6.9476745303
0.823	6.9445747025
0.824	6.9414612805
0.825	6.9383342223
0.826	6.9351934855
0.827	6.932039028
0.828	6.9288708074
0.829	6.9256887813
0.83	6.9224929072
0.831	6.9192831428
0.832	6.9160594454
0.833	6.9128217724
0.834	6.9095700811
0.835	6.9063043288
0.836	6.9030244728
0.837	6.8997304703
0.838	6.8964222783
0.839	6.893099854
0.84	6.8897631543
0.841	6.8864121362
0.842	6.8830467566
0.843	6.8796669725
0.844	6.8762727404
0.845	6.8728640173
0.846	6.8694407599
0.847	6.8660029248
0.848	6.8625504685
0.849	6.8590833477
0.85	6.8556015188
0.851	6.8521049382
0.852	6.8485935623
0.853	6.8450673477
0.854	6.8415262502
0.855	6.8379702265
0.856	6.8343992324
0.857	6.8308132244
0.858	6.8272121583
0.859	6.8235959902
0.86	6.8199646762
0.861	6.8163181722
0.862	6.8126564339
0.863	6.8089794174
0.864	6.8052870783
0.865	6.8015793724
0.866	6.7978562553
0.867	6.7941176828
0.868	6.7903636104
0.869	6.7865939937
0.87	6.782808788
0.871	6.779007949
0.872	6.7751914319
0.873	6.7713591921
0.874	6.767511185
0.875	6.7636473657
0.876	6.7597676895
0.877	6.7558721115
0.878	6.7519605869
0.879	6.7480330707
0.88	6.7440895178
0.881	6.7401298833
0.882	6.7361541222
0.883	6.7321621892
0.884	6.7281540393
0.885	6.7241296272
0.886	6.7200889075
0.887	6.7160318351
0.888	6.7119583645
0.889	6.7078684504
0.89	6.7037620474
0.891	6.6996391098
0.892	6.6954995922
0.893	6.6913434491
0.894	6.6871706347
0.895	6.6829811034
0.896	6.6787748096
0.897	6.6745517073
0.898	6.6703117509
0.899	6.6660548945
0.9	6.6617810922
0.901	6.657490298
0.902	6.6531824661
0.903	6.6488575503
0.904	6.6445155046
0.905	6.6401562829
0.906	6.6357798391
0.907	6.6313861269
0.908	6.6269751
0.909	6.6225467124
0.91	6.6181009176
0.911	6.6136376691
0.912	6.6091569208
0.913	6.6046586261
0.914	6.6001427385
0.915	6.5956092115
0.916	6.5910579985
0.917	6.5864890529
0.918	6.5819023281
0.919	6.5772977773
0.92	6.5726753539
0.921	6.568035011
0.922	6.5633767019
0.923	6.5587003798
0.924	6.5540059974
0.925	6.5492935083
0.926	6.5445628653
0.927	6.5398140213
0.928	6.5350469293
0.929	6.5302615423
0.93	6.5254578132
0.931	6.5206356946
0.932	6.5157951396
0.933	6.5109361006
0.934	6.5060585306
0.935	6.5011623822
0.936	6.496247608
0.937	6.4913141606
0.938	6.4863619927
0.939	6.4813910566
0.94	6.476401305
0.941	6.4713926903
0.942	6.466365165
0.943	6.461318681
0.944	6.4562531912
0.945	6.4511686478
0.946	6.446065003
0.947	6.440942209
0.948	6.4358002178
0.949	6.430638982
0.95	6.4254584534
0.951	6.4202585843
0.952	6.4150393267
0.953	6.4098006325
0.954	6.4045424538
0.955	6.3992647425
0.956	6.3939674506
0.957	6.38865053
0.958	6.3833139324
0.959	6.3779576097
0.96	6.3725815137
0.961	6.3671855961
0.962	6.3617698087
0.963	6.356334103
0.964	6.3508784309
0.965	6.3454027439
0.966	6.3399069936
0.967	6.3343911315
0.968	6.3288551091
0.969	6.323298878
0.97	6.3177223896
0.971	6.3121255953
0.972	6.3065084466
0.973	6.3008708947
0.974	6.295212891
0.975	6.2895343868
0.976	6.2838353334
0.977	6.278115682
0.978	6.272375384
0.979	6.2666143901
0.98	6.2608326519
0.981	6.2550301203
0.982	6.2492067465
0.983	6.2433624815
0.984	6.2374972763
0.985	6.2316110821
0.986	6.2257038496
0.987	6.2197755298
0.988	6.2138260738
0.989	6.2078554322
0.99	6.2018635561
0.991	6.1958503962
0.992	6.1898159035
0.993	6.1837600284
0.994	6.177682722
0.995	6.1715839349
0.996	6.1654636177
0.997	6.1593217212
0.998	6.153158196
0.999	6.1469729927
1	6.1407660619
1.001	6.1345373539
1.002	6.12828682
1.003	6.1220144099
1.004	6.1157200745
1.005	6.109403764
1.006	6.1030654292
1.007	6.0967050201
1.008	6.0903224874
1.009	6.0839177813
1.01	6.0774908523
1.011	6.0710416505
1.012	6.0645701263
1.013	6.05807623
1.014	6.0515599119
1.015	6.0450211219
1.016	6.0384598107
1.017	6.0318759281
1.018	6.0252694244
1.019	6.0186402496
1.02	6.011988354
1.021	6.0053136876
1.022	5.9986162005
1.023	5.9918958425
1.024	5.9851525642
1.025	5.978386315
1.026	5.9715970452
1.027	5.9647847047
1.028	5.9579492434
1.029	5.9510906114
1.03	5.9442087583
1.031	5.9373036343
1.032	5.9303751889
1.033	5.9234233724
1.034	5.9164481343
1.035	5.9094494245
1.036	5.9024271927
1.037	5.895381389
1.038	5.8883119627
1.039	5.8812188639
1.04	5.8741020421
1.041	5.8669614471
1.042	5.8597970286
1.043	5.8526087362
1.044	5.8453965196
1.045	5.8381603285
1.046	5.8309001123
1.047	5.823615821
1.048	5.8163074036
1.049	5.8089748103
1.05	5.8016179902
1.051	5.7942368932
1.052	5.7868314685
1.053	5.7794016658
1.054	5.7719474346
1.055	5.7644687243
1.056	5.7569654844
1.057	5.7494376645
1.058	5.7418852138
1.059	5.734308082
1.06	5.7267062183
1.061	5.7190795722
1.062	5.711428093
1.063	5.7037517304
1.064	5.6960504334
1.065	5.6883241516
1.066	5.6805728341
1.067	5.6727964306
1.068	5.6649948901
1.069	5.6571681622
1.07	5.6493161958
1.071	5.6414389407
1.072	5.6335363458
1.073	5.6256083606
1.074	5.6176549342
1.075	5.6096760161
1.076	5.6016715552
1.077	5.5936415012
1.078	5.5855858029
1.079	5.5775044098
1.08	5.5693972709
1.081	5.5612643358
1.082	5.5531055532
1.083	5.5449208728
1.084	5.5367102432
1.085	5.5284736142
1.086	5.5202109346
1.087	5.5119221537
1.088	5.5036072207
1.089	5.4952660848
1.09	5.4868986949
1.091	5.4785050004
1.092	5.4700849503
1.093	5.461638494
1.094	5.4531655803
1.095	5.4446661585
1.096	5.4361401779
1.097	5.4275875873
1.098	5.419008336
1.099	5.4104023732
1.1	5.4017696479
1.101	5.3931101093
1.102	5.3844237063
1.103	5.3757103885
1.104	5.3669701045
1.105	5.3582028037
1.106	5.349408435
1.107	5.340586948
1.108	5.3317382912
1.109	5.3228624141
1.11	5.3139592656
1.111	5.3050287951
1.112	5.2960709514
1.113	5.2870856838
1.114	5.2780729413
1.115	5.2690326733
1.116	5.2599648285
1.117	5.2508693564
1.118	5.2417462059
1.119	5.2325953263
1.12	5.2234166664
1.121	5.214210176
1.122	5.2049758036
1.123	5.1957134987
1.124	5.1864232101
1.125	5.1771048874
1.126	5.1677584794
1.127	5.1583839356
1.128	5.1489812049
1.129	5.1395502366
1.13	5.1300909798
1.131	5.1206033838
1.132	5.1110873978
1.133	5.1015429709
1.134	5.0919700524
1.135	5.0823685915
1.136	5.0727385374
1.137	5.0630798394
1.138	5.0533924466
1.139	5.0436763086
1.14	5.0339313742
1.141	5.0241575931
1.142	5.0143549142
1.143	5.0045232872
1.144	4.994662661
1.145	4.9847729853
1.146	4.974854209
1.147	4.9649062819
1.148	4.954929153
1.149	4.944922772
1.15	4.9348870878
1.151	4.9248220503
1.152	4.9147276085
1.153	4.9046037121
1.154	4.8944503104
1.155	4.8842673528
1.156	4.8740547888
1.157	4.8638125679
1.158	4.8535406396
1.159	4.8432389534
1.16	4.8329074587
1.161	4.8225461051
1.162	4.8121548424
1.163	4.8017336197
1.164	4.7912823871
1.165	4.7808010936
1.166	4.7702896894
1.167	4.7597481238
1.168	4.7491763466
1.169	4.7385743073
1.17	4.7279419559
1.171	4.7172792418
1.172	4.7065861149
1.173	4.695862525
1.174	4.6851084217
1.175	4.6743237548
1.176	4.6635084743
1.177	4.6526625298
1.178	4.6417858715
1.179	4.6308784489
1.18	4.6199402121
1.181	4.608971111
1.182	4.5979710956
1.183	4.5869401157
1.184	4.5758781215
1.185	4.5647850629
1.186	4.55366089
1.187	4.5425055527
1.188	4.5313190014
1.189	4.5201011859
1.19	4.5088520566
1.191	4.4975715635
1.192	4.4862596569
1.193	4.4749162869
1.194	4.463541404
1.195	4.4521349581
1.196	4.4406968999
1.197	4.4292271793
1.198	4.4177257473
1.199	4.4061925536
1.2	4.3946275491
1.201	4.3830306839
1.202	4.3714019089
1.203	4.3597411742
1.204	4.3480484307
1.205	4.3363236285
1.206	4.3245667188
1.207	4.3127776517
1.208	4.3009563784
1.209	4.2891028491
1.21	4.2772170147
1.211	4.2652988261
1.212	4.2533482341
1.213	4.2413651893
1.214	4.2293496429
1.215	4.2173015455
1.216	4.2052208483
1.217	4.193107502
1.218	4.1809614579
1.219	4.1687826668
1.22	4.1565710801
1.221	4.1443266485
1.222	4.1320493236
1.223	4.1197390562
1.224	4.1073957979
1.225	4.0950194996
1.226	4.0826101131
1.227	4.0701675892
1.228	4.0576918798
1.229	4.0451829358
1.23	4.0326407093
1.231	4.0200651513
1.232	4.0074562138
1.233	3.9948138479
1.234	3.9821380056
1.235	3.9694286384
1.236	3.9566856982
1.237	3.9439091365
1.238	3.9310989056
1.239	3.9182549568
1.24	3.9053772424
1.241	3.892465714
1.242	3.8795203242
1.243	3.8665410242
1.244	3.8535277667
1.245	3.8404805036
1.246	3.8273991872
1.247	3.8142837696
1.248	3.8011342032
1.249	3.7879504401
1.25	3.7747324331
1.251	3.761480134
1.252	3.7481934958
1.253	3.7348724709
1.254	3.7215170118
1.255	3.7081270709
1.256	3.6947026013
1.257	3.6812435554
1.258	3.6677498862
1.259	3.6542215462
1.26	3.6406584887
1.261	3.6270606663
1.262	3.6134280322
1.263	3.5997605392
1.264	3.5860581407
1.265	3.5723207895
1.266	3.5585484392
1.267	3.5447410427
1.268	3.5308985536
1.269	3.517020925
1.27	3.5031081106
1.271	3.4891600635
1.272	3.4751767378
1.273	3.4611580866
1.274	3.4471040638
1.275	3.433014623
1.276	3.4188897183
1.277	3.404729303
1.278	3.3905333316
1.279	3.3763017574
1.28	3.362034535
1.281	3.3477316182
1.282	3.3333929611
1.283	3.3190185182
1.284	3.3046082434
1.285	3.2901620914
1.286	3.2756800162
1.287	3.2611619726
1.288	3.2466079149
1.289	3.2320177979
1.29	3.217391576
1.291	3.2027292042
1.292	3.1880306371
1.293	3.1732958297
1.294	3.1585247366
1.295	3.1437173132
1.296	3.1288735143
1.297	3.1139932953
1.298	3.099076611
1.299	3.084123417
1.3	3.0691336684
1.301	3.0541073209
1.302	3.0390443296
1.303	3.0239446503
1.304	3.0088082386
1.305	2.9936350503
1.306	2.9784250409
1.307	2.9631781665
1.308	2.9478943827
1.309	2.9325736459
1.31	2.9172159117
1.311	2.9018211367
1.312	2.8863892768
1.313	2.8709202885
1.314	2.8554141277
1.315	2.8398707516
1.316	2.8242901161
1.317	2.8086721782
1.318	2.7930168942
1.319	2.7773242212
1.32	2.7615941158
1.321	2.7458265351
1.322	2.7300214358
1.323	2.7141787754
1.324	2.6982985107
1.325	2.6823805993
1.326	2.666424998
1.327	2.6504316647
1.328	2.6344005565
1.329	2.6183316314
1.33	2.6022248466
1.331	2.5860801601
1.332	2.5698975298
1.333	2.5536769135
1.334	2.537418269
1.335	2.5211215548
1.336	2.5047867287
1.337	2.4884137493
1.338	2.4720025745
1.339	2.4555531631
1.34	2.4390654735
1.341	2.4225394644
1.342	2.4059750942
1.343	2.3893723223
1.344	2.3727311068
1.345	2.3560514074
1.346	2.3393331827
1.347	2.3225763921
1.348	2.3057809946
1.349	2.2889469499
1.35	2.2720742172
1.351	2.2551627561
1.352	2.2382125262
1.353	2.2212234873
1.354	2.2041955991
1.355	2.1871288217
1.356	2.1700231149
1.357	2.1528784391
1.358	2.1356947541
1.359	2.1184720207
1.36	2.1012101988
1.361	2.0839092494
1.362	2.0665691327
1.363	2.0491898098
1.364	2.031771241
1.365	2.0143133879
1.366	1.9968162108
1.367	1.9792796713
1.368	1.9617037303
1.369	1.9440883497
1.37	1.9264334901
1.371	1.9087391135
1.372	1.8910051816
1.373	1.8732316562
1.374	1.8554184987
1.375	1.8375656716
1.376	1.8196731364
1.377	1.8017408559
1.378	1.7837687918
1.379	1.7657569071
1.38	1.7477051636
1.381	1.7296135246
1.382	1.7114819523
1.383	1.6933104098
1.384	1.6750988599
1.385	1.6568472658
1.386	1.6385555905
1.387	1.6202237975
1.388	1.60185185
1.389	1.5834397116
1.39	1.5649873459
1.391	1.5464947168
1.392	1.5279617877
1.393	1.5093885232
1.394	1.4907748869
1.395	1.4721208432
1.396	1.4534263564
1.397	1.434691391
1.398	1.4159159115
1.399	1.3970998826
1.4	1.3782432691
1.401	1.359346036
1.402	1.3404081481
1.403	1.3214295709
1.404	1.3024102695
1.405	1.2833502094
1.406	1.2642493559
1.407	1.2451076751
1.408	1.2259251324
1.409	1.2067016938
1.41	1.1874373256
1.411	1.1681319935
1.412	1.1487856643
1.413	1.129398304
1.414	1.1099698794
1.415	1.090500357
1.416	1.0709897038
1.417	1.0514378865
1.418	1.0318448724
1.419	1.0122106286
1.42	0.9925351224
1.421	0.9728183212
1.422	0.9530601928
1.423	0.9332607048
1.424	0.913419825
1.425	0.8935375214
1.426	0.8736137624
1.427	0.8536485159
1.428	0.8336417506
1.429	0.8135934347
1.43	0.7935035372
1.431	0.7733720267
1.432	0.7531988723
1.433	0.732984043
1.434	0.7127275081
1.435	0.6924292369
1.436	0.672089199
1.437	0.6517073638
1.438	0.6312837015
1.439	0.6108181817
1.44	0.5903107746
1.441	0.5697614505
1.442	0.5491701798
1.443	0.5285369327
1.444	0.5078616803
1.445	0.4871443929
1.446	0.466385042
1.447	0.4455835983
1.448	0.4247400332
1.449	0.403854318
1.45	0.3829264245
1.451	0.361956324
1.452	0.3409439887
1.453	0.3198893903
1.454	0.2987925013
1.455	0.2776532935
1.456	0.25647174
1.457	0.2352478128
1.458	0.213981485
1.459	0.1926727294
1.46	0.1713215192
1.461	0.1499278273
1.462	0.1284916275
1.463	0.107012893
1.464	0.0854915977
1.465	0.0639277153
1.466	0.04232122
1.467	0.0206720858
1.468	-0.0010197129
1.469	-0.0227542017
1.47	-0.0445314057
1.471	-0.0663513506
1.472	-0.0882140606
1.473	-0.1101195611
1.474	-0.132067877
1.475	-0.1540590326
1.476	-0.176093052
1.477	-0.1981699598
1.478	-0.2202897797
1.479	-0.2424525359
1.48	-0.2646582518
1.481	-0.2869069512
1.482	-0.3091986572
1.483	-0.3315333933
1.484	-0.3539111823
1.485	-0.3763320472
1.486	-0.3987960104
1.487	-0.4213030949
1.488	-0.4438533225
1.489	-0.4664467158
1.49	-0.4890832965
1.491	-0.5117630866
1.492	-0.5344861076
1.493	-0.5572523812
1.494	-0.5800619285
1.495	-0.6029147707
1.496	-0.6258109285
1.497	-0.6487504232
1.498	-0.6717332747
1.499	-0.694759504
1.5	-0.7178291309
1.501	-0.7409421758
1.502	-0.7640986582
1.503	-0.7915193278
1.504	-0.8216000142
1.505	-0.8542155248
1.506	-0.889244908
1.507	-0.9265713251
1.508	-0.9660819253
1.509	-1.0076677248
1.51	-1.0512234892
1.511	-1.0966476196
1.512	-1.1438420413
1.513	-1.1927120975
1.514	-1.2431664433
1.515	-1.295116946
1.516	-1.3484785854
1.517	-1.4031693593
1.518	-1.45911019
1.519	-1.5162248353
1.52	-1.5744397995
1.521	-1.6336842505
1.522	-1.6938899356
1.523	-1.7549911029
1.524	-1.8169244226
1.525	-1.8796289124
1.526	-1.9430458635
1.527	-2.0071187706
1.528	-2.0717932614
1.529	-2.1370170313
1.53	-2.2027397765
1.531	-2.2689131329
1.532	-2.3354906125
1.533	-2.4024275463
1.534	-2.4696810241
1.535	-2.5372098407
1.536	-2.6049744391
1.537	-2.6729368601
1.538	-2.7410606889
1.539	-2.8093110062
1.54	-2.8776543403
1.541	-2.946058619
1.542	-3.0144931253
1.543	-3.0829284519
1.544	-3.1513364598
1.545	-3.2196902351
1.546	-3.28796405
1.547	-3.3561333223
1.548	-3.4241745786
1.549	-3.4920654163
1.55	-3.5597844687
1.551	-3.6273113691
1.552	-3.6946267188
1.553	-3.7617120523
1.554	-3.8285498075
1.555	-3.8951232934
1.556	-3.9614166615
1.557	-4.0274148755
1.558	-4.0931036849
1.559	-4.1584695957
1.56	-4.2234998461
1.561	-4.2881823791
1.562	-4.3525058191
1.563	-4.4164594464
1.564	-4.4800331755
1.565	-4.5432175304
1.566	-4.6060036251
1.567	-4.6683831399
1.568	-4.7303483027
1.569	-4.7918918677
1.57	-4.8530070971
1.571	-4.913687741
1.572	-4.9739280211
1.573	-5.0337226108
1.574	-5.0930666204
1.575	-5.1519555789
1.576	-5.210385418
1.577	-5.2683524583
1.578	-5.3258533928
1.579	-5.3828852719
1.58	-5.439445491
1.581	-5.4955317749
1.582	-5.5511421674
1.583	-5.6062750143
1.584	-5.6609289552
1.585	-5.7151029091
1.586	-5.7687960636
1.587	-5.8220078634
1.588	-5.8747379999
1.589	-5.9269863999
1.59	-5.9787532164
1.591	-6.0300388177
1.592	-6.0808437794
1.593	-6.131168873
1.594	-6.1810150597
1.595	-6.2303834792
1.596	-6.2792754435
1.597	-6.3276924274
1.598	-6.3756360618
1.599	-6.4231081251
1.6	-6.4701105374
1.601	-6.5166453518
1.602	-6.5627147495
1.603	-6.6083210314
1.604	-6.6534666134
1.605	-6.6981540192
1.606	-6.7423858751
1.607	-6.7861649043
1.608	-6.8294939208
1.609	-6.8723758246
1.61	-6.9148135972
1.611	-6.9568102952
1.612	-6.9983690475
1.613	-7.0394930485
1.614	-7.0801855562
1.615	-7.1204498855
1.616	-7.1602894064
1.617	-7.199707538
1.618	-7.2387077466
1.619	-7.2772935404
1.62	-7.3154684674
1.621	-7.353236111
1.622	-7.3906000875
1.623	-7.4275640422
1.624	-7.4641316476
1.625	-7.5003065988
1.626	-7.5360926129
1.627	-7.5714934243
1.628	-7.6065127828
1.629	-7.6411544524
1.63	-7.6754222074
1.631	-7.7093198304
1.632	-7.742851111
1.633	-7.7760198427
1.634	-7.8088298217
1.635	-7.8412848443
1.636	-7.873388706
1.637	-7.9051451987
1.638	-7.9365581102
1.639	-7.9676312212
1.64	-7.9983683055
1.641	-8.0287731268
1.642	-8.0588494388
1.643	-8.0886009828
1.644	-8.1180314874
1.645	-8.1471446661
1.646	-8.1759442176
1.647	-8.2044338234
1.648	-8.2326171482
1.649	-8.2604978369
1.65	-8.2880795161
1.651	-8.3153657912
1.652	-8.342360247
1.653	-8.3690664457
1.654	-8.3954879274
1.655	-8.4216282083
1.656	-8.4474907809
1.657	-8.4730791129
1.658	-8.4983966468
1.659	-8.5234467991
1.66	-8.5482329605
1.661	-8.5727584944
1.662	-8.5970267377
1.663	-8.621040999
1.664	-8.6448045595
1.665	-8.6683206717
1.666	-8.69159256
1.667	-8.7146234194
1.668	-8.7374164159
1.669	-8.7599746864
1.67	-8.7823013376
1.671	-8.8043994471
1.672	-8.8262720619
1.673	-8.8479221994
1.674	-8.8693528465
1.675	-8.8905669598
1.676	-8.9115674654
1.677	-8.9323572591
1.678	-8.9529392056
1.679	-8.9733161407
1.68	-8.9934908669
1.681	-9.0134661584
1.682	-9.0332447575
1.683	-9.0528293767
1.684	-9.0722226971
1.685	-9.091427371
1.686	-9.110446017
1.687	-9.1292812289
1.688	-9.1479355638
1.689	-9.1664115528
1.69	-9.1847116956
1.691	-9.2028384624
1.692	-9.2207942931
1.693	-9.2385815984
1.694	-9.2562027591
1.695	-9.2736601267
1.696	-9.2909560234
1.697	-9.3080927427
1.698	-9.3250725487
1.699	-9.3418976769
1.7	-9.3585703349
1.701	-9.3750927007
1.702	-9.3914669252
1.703	-9.407695131
1.704	-9.4237794126
1.705	-9.4397218376
1.706	-9.4555244456
1.707	-9.4711892494
1.708	-9.4867182356
1.709	-9.5021133626
1.71	-9.5173765632
1.711	-9.5325097445
1.712	-9.5475147858
1.713	-9.5623935433
1.714	-9.5771478447
1.715	-9.5917794952
1.716	-9.6062902728
1.717	-9.6206819319
1.718	-9.6349562017
1.719	-9.6491147875
1.72	-9.6631593699
1.721	-9.6770916077
1.722	-9.6909131305
1.723	-9.7046255522
1.724	-9.7182304585
1.725	-9.7317294138
1.726	-9.7451239595
1.727	-9.7584156149
1.728	-9.7716058767
1.729	-9.7846962205
1.73	-9.7976880995
1.731	-9.8105829461
1.732	-9.823382171
1.733	-9.8360871646
1.734	-9.8486992956
1.735	-9.8612199139
1.736	-9.8736503477
1.737	-9.8859919062
1.738	-9.8982458784
1.739	-9.910413534
1.74	-9.9224961236
1.741	-9.9344948787
1.742	-9.9464110119
1.743	-9.9582457178
1.744	-9.970000172
1.745	-9.9816755327
1.746	-9.9932729398
1.747	-10.004793516
1.748	-10.0162383662
1.749	-10.0276085787
1.75	-10.0389052243
1.751	-10.0501293577
1.752	-10.0612820165
1.753	-10.0723642227
1.754	-10.0833769815
1.755	-10.0943212831
1.756	-10.1051981014
1.757	-10.1160083953
1.758	-10.1267531084
1.759	-10.1374331694
1.76	-10.1480494918
1.761	-10.1586029752
1.762	-10.1690945043
1.763	-10.1795249499
1.764	-10.1898951686
1.765	-10.2002060035
1.766	-10.2104582839
1.767	-10.2206528258
1.768	-10.2307904318
1.769	-10.240871892
1.77	-10.2508979829
1.771	-10.2608694692
1.772	-10.2707871021
1.773	-10.2806516222
1.774	-10.290463756
1.775	-10.3002242193
1.776	-10.3099337158
1.777	-10.3195929378
1.778	-10.3292025657
1.779	-10.3387632697
1.78	-10.3482757076
1.781	-10.3577405272
1.782	-10.3671583652
1.783	-10.3765298479
1.784	-10.3858555906
1.785	-10.3951361998
1.786	-10.4043722698
1.787	-10.4135643867
1.788	-10.4227131258
1.789	-10.4318190528
1.79	-10.4408827245
1.791	-10.4499046877
1.792	-10.4588854799
1.793	-10.467825631
1.794	-10.4767256598
1.795	-10.4855860771
1.796	-10.4944073858
1.797	-10.5031900793
1.798	-10.5119346427
1.799	-10.5206415539
1.8	-10.5293112809
1.801	-10.5379442852
1.802	-10.5465410194
1.803	-10.5551019291
1.804	-10.5636274518
1.805	-10.5721180173
1.806	-10.5805740488
1.807	-10.5889959611
1.808	-10.5973841627
1.809	-10.6057390547
1.81	-10.6140610316
1.811	-10.6223504801
1.812	-10.6306077814
1.813	-10.6388333094
1.814	-10.6470274315
1.815	-10.6551905087
1.816	-10.6633228964
1.817	-10.6714249423
1.818	-10.6794969899
1.819	-10.6875393749
1.82	-10.6955524282
1.821	-10.7035364745
1.822	-10.711491833
1.823	-10.7194188173
1.824	-10.727317735
1.825	-10.7351888888
1.826	-10.7430325759
1.827	-10.7508490879
1.828	-10.7586387117
1.829	-10.7664017292
1.83	-10.7741384167
1.831	-10.7818490457
1.832	-10.7895338838
1.833	-10.7971931924
1.834	-10.8048272293
1.835	-10.8124362469
1.836	-10.8200204942
1.837	-10.8275802146
1.838	-10.8351156477
1.839	-10.8426270284
1.84	-10.8501145882
1.841	-10.8575785534
1.842	-10.8650191472
1.843	-10.8724365877
1.844	-10.8798310901
1.845	-10.887202865
1.846	-10.8945521197
1.847	-10.901879057
1.848	-10.9091838771
1.849	-10.9164667755
1.85	-10.9237279448
1.851	-10.9309675736
1.852	-10.938185848
1.853	-10.9453829493
1.854	-10.9525590566
1.855	-10.9597143455
1.856	-10.9668489879
1.857	-10.9739631531
1.858	-10.9810570071
1.859	-10.9881307127
1.86	-10.9951844299
1.861	-11.0022183155
1.862	-11.0092325239
1.863	-11.0162272059
1.864	-11.0232025104
1.865	-11.0301585827
1.866	-11.037095566
1.867	-11.0440136004
1.868	-11.0509128239
1.869	-11.0577933714
1.87	-11.0646553757
1.871	-11.0714989668
1.872	-11.0783242725
1.873	-11.0851314181
1.874	-11.0919205267
1.875	-11.0986917187
1.876	-11.1054451128
1.877	-11.112180825
1.878	-11.1188989694
1.879	-11.1255996578
1.88	-11.1322829999
1.881	-11.1389491033
1.882	-11.1455980739
1.883	-11.1522300149
1.884	-11.1588450283
1.885	-11.1654432136
1.886	-11.1720246687
1.887	-11.1785894896
1.888	-11.1851377704
1.889	-11.1916696034
1.89	-11.1981850792
1.891	-11.2046842864
1.892	-11.2111673125
1.893	-11.2176342427
1.894	-11.224085161
1.895	-11.2305201492
1.896	-11.2369392884
1.897	-11.2433426573
1.898	-11.2497303335
1.899	-11.256102393
1.9	-11.2624589104
1.901	-11.2687999588
1.902	-11.2751256098
1.903	-11.2814359336
1.904	-11.2877309992
1.905	-11.2940108741
1.906	-11.3002756246
1.907	-11.3065253155
1.908	-11.3127600106
1.909	-11.318979772
1.91	-11.3251846613
1.911	-11.3313747381
1.912	-11.3375500614
1.913	-11.3437106885
1.914	-11.3498566764
1.915	-11.3559880798
1.916	-11.3621049533
1.917	-11.3682073499
1.918	-11.374295322
1.919	-11.3803689202
1.92	-11.3864281949
1.921	-11.392473195
1.922	-11.3985039683
1.923	-11.4045205623
1.924	-11.4105230226
1.925	-11.4165113949
1.926	-11.422485723
1.927	-11.4284460505
1.928	-11.4343924198
1.929	-11.4403248726
1.93	-11.4462434495
1.931	-11.4521481905
1.932	-11.4580391347
1.933	-11.4639163205
1.934	-11.4697797851
1.935	-11.4756295656
1.936	-11.4814656977
1.937	-11.4872882168
1.938	-11.4930971572
1.939	-11.4988925527
1.94	-11.5046744365
1.941	-11.5104428408
1.942	-11.5161977973
1.943	-11.5219393372
1.944	-11.5276674905
1.945	-11.5333822874
1.946	-11.5390837564
1.947	-11.5447719266
1.948	-11.5504468253
1.949	-11.55610848
1.95	-11.5617569174
1.951	-11.5673921636
1.952	-11.573014244
1.953	-11.5786231837
1.954	-11.5842190071
1.955	-11.589801738
1.956	-11.5953714
1.957	-11.6009280158
1.958	-11.6064716078
1.959	-11.612002198
1.96	-11.6175198075
1.961	-11.6230244575
1.962	-11.6285161682
1.963	-11.6339949597
1.964	-11.6394608516
1.965	-11.644913863
1.966	-11.6503540124
1.967	-11.6557813182
1.968	-11.661195798
1.969	-11.6665974696
1.97	-11.6719863496
1.971	-11.6773624549
1.972	-11.6827258016
1.973	-11.6880764057
1.974	-11.6934142825
1.975	-11.6987394472
1.976	-11.7040519145
1.977	-11.7093516991
1.978	-11.7146388148
1.979	-11.7199132754
1.98	-11.7251750943
1.981	-11.7304242847
1.982	-11.7356608591
1.983	-11.7408848303
1.984	-11.7460962102
1.985	-11.7512950108
1.986	-11.7564812434
1.987	-11.7616549196
1.988	-11.7668160502
1.989	-11.7719646461
1.99	-11.7771007174
1.991	-11.7822242746
1.992	-11.7873353273
1.993	-11.7924338855
1.994	-11.7975199583
1.995	-11.8025935551
1.996	-11.8076546845
1.997	-11.8127033555
1.998	-11.8177395764
1.999	-11.8227633555
2	-11.8277747007
2.001	-11.8327736198
2.002	-11.8377601205
2.003	-11.8488840383
2.004	-11.8637655116
2.005	-11.8821939851
2.006	-11.9039665753
2.007	-11.9288878227
2.008	-11.9567694546
2.009	-11.9874301529
2.01	-12.0206953318
2.011	-12.0563969205
2.012	-12.0943731552
2.013	-12.1344683752
2.014	-12.1765328275
2.015	-12.2204224763
2.016	-12.2659988194
2.017	-12.3131287091
2.018	-12.3616841805
2.019	-12.4115422828
2.02	-12.4625849184
2.021	-12.5146986846
2.022	-12.567774722
2.023	-12.621708566
2.024	-12.6764000048
2.025	-12.7317529394
2.026	-12.7876752497
2.027	-12.8440786635
2.028	-12.9008786313
2.029	-12.9579942019
2.03	-13.0153479048
2.031	-13.0728656341
2.032	-13.1304765376
2.033	-13.1881129071
2.034	-13.2457100744
2.035	-13.3032063085
2.036	-13.3605427177
2.037	-13.4176631527
2.038	-13.4745141142
2.039	-13.5310446624
2.04	-13.5872063301
2.041	-13.6429530375
2.042	-13.6982410098
2.043	-13.7530286982
2.044	-13.807276702
2.045	-13.860947694
2.046	-13.9140063475
2.047	-13.9664192662
2.048	-14.0181549159
2.049	-14.069183558
2.05	-14.1194771858
2.051	-14.1690094618
2.052	-14.2177556576
2.053	-14.2656925958
2.054	-14.3127985929
2.055	-14.3590534046
2.056	-14.4044381725
2.057	-14.4489353731
2.058	-14.492528767
2.059	-14.5352033513
2.06	-14.5769453121
2.061	-14.6177419799
2.062	-14.6575817848
2.063	-14.6964542145
2.064	-14.7343497725
2.065	-14.7712599392
2.066	-14.807177132
2.067	-14.8420946686
2.068	-14.8760067303
2.069	-14.908908328
2.07	-14.9407952667
2.071	-14.9716641137
2.072	-15.0015121665
2.073	-15.0303374221
2.074	-15.0581385473
2.075	-15.0849148497
2.076	-15.1106662498
2.077	-15.1353932548
2.078	-15.1590969316
2.079	-15.1817788821
2.08	-15.203441219
2.081	-15.2240865421
2.082	-15.2437179149
2.083	-15.2623388459
2.084	-15.2799532609
2.085	-15.2965654892
2.086	-15.3121802402
2.087	-15.3268025853
2.088	-15.340437939
2.089	-15.3530920415
2.09	-15.3647709415
2.091	-15.3754809794
2.092	-15.385228771
2.093	-15.3940211931
2.094	-15.4018653672
2.095	-15.4087686464
2.096	-15.4147386006
2.097	-15.4197830041
2.098	-15.4239098217
2.099	-15.4271271971
2.1	-15.4294434404
2.101	-15.4308670175
2.102	-15.4314065378
2.103	-15.4310707446
2.104	-15.4298685043
2.105	-15.4278087957
2.106	-15.4249007055
2.107	-15.4211534094
2.108	-15.4165761728
2.109	-15.4111783382
2.11	-15.4049693171
2.111	-15.3979585833
2.112	-15.3901556646
2.113	-15.3815701362
2.114	-15.3722116135
2.115	-15.3620897457
2.116	-15.3512142095
2.117	-15.3395947032
2.118	-15.3272409403
2.119	-15.3141626449
2.12	-15.3003695454
2.121	-15.2858713706
2.122	-15.2706778437
2.123	-15.2547986783
2.124	-15.2382435741
2.125	-15.2210222123
2.126	-15.2031442517
2.127	-15.1846193251
2.128	-15.1654570354
2.129	-15.1456669522
2.13	-15.1252586086
2.131	-15.1042414979
2.132	-15.0826250706
2.133	-15.0604187322
2.134	-15.0376318393
2.135	-15.0142736984
2.136	-14.9903535625
2.137	-14.9658806294
2.138	-14.9408640394
2.139	-14.9153128732
2.14	-14.8892361502
2.141	-14.8626428267
2.142	-14.8355417938
2.143	-14.8079418771
2.144	-14.7798518323
2.145	-14.7512803485
2.146	-14.7222360428
2.147	-14.6927274608
2.148	-14.6627630756
2.149	-14.6323512865
2.15	-14.6015004181
2.151	-14.5702187197
2.152	-14.5385143635
2.153	-14.506395447
2.154	-14.4738699872
2.155	-14.4409459249
2.156	-14.4076311216
2.157	-14.3739333603
2.158	-14.3398603439
2.159	-14.3054196962
2.16	-14.2706189604
2.161	-14.2354656003
2.162	-14.1999669985
2.163	-14.1641304578
2.164	-14.1279632001
2.165	-14.0914723669
2.166	-14.0546650192
2.167	-14.0175481374
2.168	-13.9801286216
2.169	-13.9424132918
2.17	-13.9044088876
2.171	-13.8661220692
2.172	-13.8275594166
2.173	-13.7887274309
2.174	-13.749632534
2.175	-13.7102810688
2.176	-13.6706792999
2.177	-13.6308334141
2.178	-13.59074952
2.179	-13.5504336496
2.18	-13.5098917575
2.181	-13.4691297222
2.182	-13.4281533464
2.183	-13.3869683569
2.184	-13.3455804063
2.185	-13.3039950722
2.186	-13.2622178586
2.187	-13.2202541962
2.188	-13.1781094428
2.189	-13.1357888843
2.19	-13.0932977346
2.191	-13.050641137
2.192	-13.0078241641
2.193	-12.9648518188
2.194	-12.9217290348
2.195	-12.8784606774
2.196	-12.8350515437
2.197	-12.7915063636
2.198	-12.7478298007
2.199	-12.7040264521
2.2	-12.6601008498
2.201	-12.6160574611
2.202	-12.5719006893
2.203	-12.5276348744
2.204	-12.4832642936
2.205	-12.4387931619
2.206	-12.3942256333
2.207	-12.3495658009
2.208	-12.3048176978
2.209	-12.2599852977
2.21	-12.2150725157
2.211	-12.1700832089
2.212	-12.1250211769
2.213	-12.0798901628
2.214	-12.0346938537
2.215	-11.9894358811
2.216	-11.9441198221
2.217	-11.8987491997
2.218	-11.8533274836
2.219	-11.8078580902
2.22	-11.762344385
2.221	-11.716789681
2.222	-11.671197241
2.223	-11.6255702778
2.224	-11.5799119542
2.225	-11.5342253845
2.226	-11.4885136349
2.227	-11.4427797238
2.228	-11.3970266228
2.229	-11.3512572569
2.23	-11.3054745058
2.231	-11.2596812037
2.232	-11.2138801406
2.233	-11.1680740624
2.234	-11.1222656719
2.235	-11.0764576288
2.236	-11.0306525512
2.237	-10.9848530152
2.238	-10.9390615563
2.239	-10.8932806693
2.24	-10.8475128093
2.241	-10.8017603921
2.242	-10.756025795
2.243	-10.7103113567
2.244	-10.6646193787
2.245	-10.6189521252
2.246	-10.5733118238
2.247	-10.5277006663
2.248	-10.4821208089
2.249	-10.4365743726
2.25	-10.3910634442
2.251	-10.3455900766
2.252	-10.3001562889
2.253	-10.2547640674
2.254	-10.209415366
2.255	-10.1641121065
2.256	-10.1188561792
2.257	-10.0736494434
2.258	-10.0284937275
2.259	-9.9833908303
2.26	-9.9383425205
2.261	-9.8933505378
2.262	-9.848416593
2.263	-9.8035423686
2.264	-9.7587295191
2.265	-9.7139796717
2.266	-9.6692944265
2.267	-9.6246753569
2.268	-9.58012401
2.269	-9.5356419072
2.27	-9.4912305443
2.271	-9.4468913924
2.272	-9.4026258976
2.273	-9.3584354819
2.274	-9.3143215435
2.275	-9.270285457
2.276	-9.2263285739
2.277	-9.1824522227
2.278	-9.13865771
2.279	-9.09494632
2.28	-9.0513193151
2.281	-9.0077779366
2.282	-8.9643234047
2.283	-8.9209569189
2.284	-8.8776796582
2.285	-8.8344927819
2.286	-8.7913974292
2.287	-8.7483947203
2.288	-8.7054857561
2.289	-8.6626716186
2.29	-8.6199533716
2.291	-8.5773320607
2.292	-8.5348087135
2.293	-8.4923843399
2.294	-8.4500599329
2.295	-8.4078364681
2.296	-8.3657149046
2.297	-8.3236961848
2.298	-8.2817812352
2.299	-8.2399709665
2.3	-8.1982662721
2.301	-8.1566680327
2.302	-8.115177112
2.303	-8.0737943592
2.304	-8.0325206088
2.305	-7.9913566811
2.306	-7.9503033817
2.307	-7.909361503
2.308	-7.8685318229
2.309	-7.8278151065
2.31	-7.787212105
2.311	-7.7467235569
2.312	-7.7063501879
2.313	-7.6660927109
2.314	-7.6259518264
2.315	-7.5859282228
2.316	-7.5460225764
2.317	-7.5062355519
2.318	-7.466567802
2.319	-7.4270199683
2.32	-7.3875926812
2.321	-7.3482865598
2.322	-7.3091022126
2.323	-7.2700402373
2.324	-7.2311012212
2.325	-7.1922857412
2.326	-7.1535943642
2.327	-7.1150276466
2.328	-7.076586136
2.329	-7.0382703694
2.33	-7.0000808749
2.331	-6.962018171
2.332	-6.9240827672
2.333	-6.8862751641
2.334	-6.8485958526
2.335	-6.8110453162
2.336	-6.7736240291
2.337	-6.7363324572
2.338	-6.699171058
2.339	-6.6621402811
2.34	-6.625240568
2.341	-6.5884723524
2.342	-6.5518360602
2.343	-6.5153321096
2.344	-6.4789609117
2.345	-6.4427228699
2.346	-6.4066183806
2.347	-6.3706478329
2.348	-6.3348116092
2.349	-6.2991100848
2.35	-6.2635436284
2.351	-6.2281126021
2.352	-6.1928173614
2.353	-6.1576582554
2.354	-6.122635627
2.355	-6.0877498128
2.356	-6.0530011441
2.357	-6.0183899435
2.358	-5.9839165317
2.359	-5.9495812211
2.36	-5.9153843188
2.361	-5.8813261267
2.362	-5.8474069412
2.363	-5.8136270523
2.364	-5.7799867464
2.365	-5.7464863036
2.366	-5.7131259993
2.367	-5.6799061027
2.368	-5.64682688
2.369	-5.6138885914
2.37	-5.5810914922
2.371	-5.5484358336
2.372	-5.5159218615
2.373	-5.4835498179
2.374	-5.4513199399
2.375	-5.4192324604
2.376	-5.387287608
2.377	-5.3554856066
2.378	-5.3238266774
2.379	-5.2923110354
2.38	-5.260938893
2.381	-5.2297104582
2.382	-5.1986259351
2.383	-5.1676855242
2.384	-5.136889422
2.385	-5.1062378214
2.386	-5.0757309116
2.387	-5.0453688782
2.388	-5.0151519037
2.389	-4.9850801665
2.39	-4.9551538419
2.391	-4.9253731021
2.392	-4.8957381157
2.393	-4.866249048
2.394	-4.8369060616
2.395	-4.8077093155
2.396	-4.7786589659
2.397	-4.7497551661
2.398	-4.7209980657
2.399	-4.6923878123
2.4	-4.6639245508
2.401	-4.6356084219
2.402	-4.6074395646
2.403	-4.5794181158
2.404	-4.5515442086
2.405	-4.523817971
2.406	-4.4962395368
2.407	-4.4688090273
2.408	-4.4415265669
2.409	-4.4143922765
2.41	-4.3874062742
2.411	-4.3605686757
2.412	-4.3338795955
2.413	-4.3073391441
2.414	-4.2809474307
2.415	-4.2547045613
2.416	-4.2286106434
2.417	-4.2026657766
2.418	-4.1768700623
2.419	-4.1512235988
2.42	-4.1257264825
2.421	-4.1003788076
2.422	-4.0751806665
2.423	-4.0501321496
2.424	-4.0252333453
2.425	-4.0004843403
2.426	-3.9758852193
2.427	-3.9514360653
2.428	-3.9271369596
2.429	-3.9029879815
2.43	-3.8789892085
2.431	-3.8551407174
2.432	-3.8314425818
2.433	-3.8078948747
2.434	-3.7844976672
2.435	-3.7612510288
2.436	-3.7381550276
2.437	-3.7152097299
2.438	-3.6924152003
2.439	-3.6697715037
2.44	-3.6472787005
2.441	-3.624936852
2.442	-3.6027460172
2.443	-3.5807062539
2.444	-3.5588176186
2.445	-3.5370801664
2.446	-3.5154939511
2.447	-3.4940590251
2.448	-3.4727754397
2.449	-3.4516432447
2.45	-3.430662489
2.451	-3.4098332201
2.452	-3.3891554842
2.453	-3.3686293266
2.454	-3.3482547911
2.455	-3.3280319208
2.456	-3.3079607573
2.457	-3.2880413413
2.458	-3.2682737124
2.459	-3.2486579091
2.46	-3.2291939688
2.461	-3.2098819281
2.462	-3.1907218223
2.463	-3.1717136859
2.464	-3.1528575523
2.465	-3.1341534541
2.466	-3.1156014229
2.467	-3.0972014892
2.468	-3.0789536827
2.469	-3.0608580323
2.47	-3.042914566
2.471	-3.0251233107
2.472	-3.0074842926
2.473	-2.9899975372
2.474	-2.972663069
2.475	-2.9554809116
2.476	-2.9384510879
2.477	-2.9215736202
2.478	-2.9048485297
2.479	-2.888275837
2.48	-2.871855562
2.481	-2.8555877236
2.482	-2.8394723403
2.483	-2.8235094297
2.484	-2.8076990088
2.485	-2.7920410938
2.486	-2.7765357002
2.487	-2.7611828429
2.488	-2.7459825361
2.489	-2.7309347935
2.49	-2.7160396279
2.491	-2.7012970513
2.492	-2.6867070763
2.493	-2.6722697132
2.494	-2.6579849725
2.495	-2.6438528643
2.496	-2.629873398
2.497	-2.6160465817
2.498	-2.6023724243
2.499	-2.5888509334
2.5	-2.5754821149
2.501	-2.5622659766
2.502	-2.5492025241
2.503	-2.5347537657
2.504	-2.5195099227
2.505	-2.503519962
2.506	-2.4868308163
2.507	-2.4694874567
2.508	-2.4515329647
2.509	-2.4330085996
2.51	-2.413953866
2.511	-2.3944065782
2.512	-2.3744029214
2.513	-2.3539775136
2.514	-2.3331634639
2.515	-2.3119924255
2.516	-2.2904946549
2.517	-2.2686990614
2.518	-2.2466332592
2.519	-2.2243236162
2.52	-2.2017953016
2.521	-2.1790723318
2.522	-2.1561776145
2.523	-2.1331329914
2.524	-2.1099592797
2.525	-2.0866763126
2.526	-2.0633029754
2.527	-2.0398572454
2.528	-2.016356226
2.529	-1.9928161815
2.53	-1.9692525706
2.531	-1.9456800782
2.532	-1.9221126464
2.533	-1.8985635046
2.534	-1.8750451976
2.535	-1.8515696138
2.536	-1.8281480116
2.537	-1.8047910452
2.538	-1.7815087894
2.539	-1.7583107631
2.54	-1.7352059526
2.541	-1.7122028337
2.542	-1.6893093925
2.543	-1.6665331464
2.544	-1.6438811634
2.545	-1.6213600818
2.546	-1.5989761271
2.547	-1.5767351307
2.548	-1.5546425466
2.549	-1.5327034672
2.55	-1.5109226392
2.551	-1.4893044787
2.552	-1.4678530855
2.553	-1.4465722569
2.554	-1.4254655012
2.555	-1.4045360505
2.556	-1.3837868731
2.557	-1.3632206852
2.558	-1.3428399621
2.559	-1.3226469497
2.56	-1.3026436745
2.561	-1.2828319539
2.562	-1.2632134058
2.563	-1.243789458
2.564	-1.2245613571
2.565	-1.205530177
2.566	-1.1866968273
2.567	-1.168062061
2.568	-1.1496264822
2.569	-1.1313905534
2.57	-1.1133546024
2.571	-1.0955188291
2.572	-1.0778833118
2.573	-1.0604480135
2.574	-1.0432127877
2.575	-1.0261773841
2.576	-1.0093414542
2.577	-0.9927045561
2.578	-0.97626616
2.579	-0.9600256525
2.58	-0.9439823416
2.581	-0.9281354609
2.582	-0.9124841737
2.583	-0.8970275773
2.584	-0.8817647066
2.585	-0.866694538
2.586	-0.8518159928
2.587	-0.8371279406
2.588	-0.8226292027
2.589	-0.808318555
2.59	-0.7941947309
2.591	-0.7802564247
2.592	-0.7665022934
2.593	-0.7529309602
2.594	-0.7395410164
2.595	-0.7263310239
2.596	-0.7132995177
2.597	-0.7004450077
2.598	-0.6877659811
2.599	-0.675260904
2.6	-0.6629282239
2.601	-0.6507663706
2.602	-0.6387737588
2.603	-0.6269487894
2.604	-0.6152898506
2.605	-0.6037953203
2.606	-0.5924635667
2.607	-0.5812929502
2.608	-0.5702818243
2.609	-0.5594285371
2.61	-0.5487314322
2.611	-0.5381888503
2.612	-0.5277991295
2.613	-0.517560607
2.614	-0.5074716197
2.615	-0.4975305052
2.616	-0.4877356026
2.617	-0.4780852534
2.618	-0.4685778022
2.619	-0.4592115973
2.62	-0.4499849919
2.621	-0.440896344
2.622	-0.4319440177
2.623	-0.4231263833
2.624	-0.4144418183
2.625	-0.4058887074
2.626	-0.3974654435
2.627	-0.3891704277
2.628	-0.3810020702
2.629	-0.3729587903
2.63	-0.3650390169
2.631	-0.3572411891
2.632	-0.3495637561
2.633	-0.3420051782
2.634	-0.334563926
2.635	-0.3272384819
2.636	-0.3200273394
2.637	-0.3129290039
2.638	-0.3059419926
2.639	-0.2990648349
2.64	-0.2922960726
2.641	-0.2856342597
2.642	-0.279077963
2.643	-0.272625762
2.644	-0.2662762492
2.645	-0.26002803
2.646	-0.2538797228
2.647	-0.2478299594
2.648	-0.2418773848
2.649	-0.2360206572
2.65	-0.2302584483
2.651	-0.2245894433
2.652	-0.2190123406
2.653	-0.2135258524
2.654	-0.2081287043
2.655	-0.2028196354
2.656	-0.1975973983
2.657	-0.1924607593
2.658	-0.1874084982
2.659	-0.182439408
2.66	-0.1775522957
2.661	-0.1727459812
2.662	-0.1680192984
2.663	-0.1633710941
2.664	-0.1588002287
2.665	-0.1543055759
2.666	-0.1498860225
2.667	-0.1455404687
2.668	-0.1412678276
2.669	-0.1370670256
2.67	-0.1329370018
2.671	-0.1288767086
2.672	-0.1248851108
2.673	-0.1209611865
2.674	-0.117103926
2.675	-0.1133123326
2.676	-0.1095854217
2.677	-0.1059222217
2.678	-0.1023217728
2.679	-0.0987831278
2.68	-0.0953053516
2.681	-0.091887521
2.682	-0.0885287251
2.683	-0.0852280645
2.684	-0.0819846519
2.685	-0.0787976115
2.686	-0.075666079
2.687	-0.0725892018
2.688	-0.0695661386
2.689	-0.0665960592
2.69	-0.0636781447
2.691	-0.0608115873
2.692	-0.0579955901
2.693	-0.055229367
2.694	-0.0525121426
2.695	-0.0498431523
2.696	-0.0472216419
2.697	-0.0446468675
2.698	-0.0421180957
2.699	-0.0396346033
2.7	-0.0371956771
2.701	-0.0348006139
2.702	-0.0324487203
2.703	-0.0301393128
2.704	-0.0278717175
2.705	-0.0256452701
2.706	-0.0234593157
2.707	-0.0213132086
2.708	-0.0192063126
2.709	-0.0171380005
2.71	-0.015107654
2.711	-0.013114664
2.712	-0.0111584299
2.713	-0.00923836
2.714	-0.0073538712
2.715	-0.0055043888
2.716	-0.0036893466
2.717	-0.0019081866
2.718	-0.000160359
2.719	0.0015546778
2.72	0.0032374575
2.721	0.0048885059
2.722	0.0065083409
2.723	0.0080974728
2.724	0.0096564044
2.725	0.0111856307
2.726	0.0126856396
2.727	0.0141569116
2.728	0.0155999198
2.729	0.0170151304
2.73	0.0184030024
2.731	0.019763988
2.732	0.0210985325
2.733	0.0224070744
2.734	0.0236900456
2.735	0.0249478713
2.736	0.0261809703
2.737	0.027389755
2.738	0.0285746314
2.739	0.0297359993
2.74	0.0308742525
2.741	0.0319897785
2.742	0.0330829588
2.743	0.0341541693
2.744	0.0352037798
2.745	0.0362321544
2.746	0.0372396516
2.747	0.0382266243
2.748	0.0391934199
2.749	0.0401403804
2.75	0.0410678423
2.751	0.0419761369
2.752	0.0428655905
2.753	0.043736524
2.754	0.0445892533
2.755	0.0454240894
2.756	0.0462413382
2.757	0.0470413011
2.758	0.0478242744
2.759	0.0485905498
2.76	0.0493404143
2.761	0.0500741506
2.762	0.0507920365
2.763	0.0514943456
2.764	0.0521813471
2.765	0.0528533059
2.766	0.0535104825
2.767	0.0541531335
2.768	0.054781511
2.769	0.0553958634
2.77	0.0559964349
2.771	0.0565834658
2.772	0.0571571924
2.773	0.0577178475
2.774	0.0582656596
2.775	0.0588008541
2.776	0.0593236522
2.777	0.0598342719
2.778	0.0603329273
2.779	0.0608198293
2.78	0.0612951853
2.781	0.061759199
2.782	0.0622120713
2.783	0.0626539993
2.784	0.0630851771
2.785	0.0635057957
2.786	0.0639160427
2.787	0.0643161029
2.788	0.0647061577
2.789	0.0650863858
2.79	0.0654569629
2.791	0.0658180617
2.792	0.066169852
2.793	0.0665125009
2.794	0.0668461728
2.795	0.067171029
2.796	0.0674872285
2.797	0.0677949275
2.798	0.0680942796
2.799	0.0683854359
2.8	0.0686685447
2.801	0.0689437522
2.802	0.069211202
2.803	0.0694710351
2.804	0.0697233904
2.805	0.0699684043
2.806	0.070206211
2.807	0.0704369423
2.808	0.0706607281
2.809	0.0708776957
2.81	0.0710879705
2.811	0.0712916756
2.812	0.0714889322
2.813	0.0716798595
2.814	0.0718645743
2.815	0.0720431918
2.816	0.072215825
2.817	0.0723825852
2.818	0.0725435817
2.819	0.0726989217
2.82	0.072848711
2.821	0.0729930532
2.822	0.0731320504
2.823	0.0732658029
2.824	0.0733944092
2.825	0.073517966
2.826	0.0736365687
2.827	0.0737503106
2.828	0.0738592839
2.829	0.0739635787
2.83	0.074063284
2.831	0.0741584869
2.832	0.0742492733
2.833	0.0743357273
2.834	0.0744179318
2.835	0.0744959682
2.836	0.0745699164
2.837	0.074639855
2.838	0.0747058612
2.839	0.0747680109
2.84	0.0748263786
2.841	0.0748810376
2.842	0.0749320598
2.843	0.074979516
2.844	0.0750234756
2.845	0.075064007
2.846	0.0751011771
2.847	0.0751350518
2.848	0.0751656959
2.849	0.0751931731
2.85	0.0752175457
2.851	0.0752388752
2.852	0.0752572219
2.853	0.075272645
2.854	0.0752852027
2.855	0.0752949522
2.856	0.0753019497
2.857	0.0753062503
2.858	0.0753079082
2.859	0.0753069766
2.86	0.0753035079
2.861	0.0752975534
2.862	0.0752891635
2.863	0.0752783878
2.864	0.075265275
2.865	0.0752498729
2.866	0.0752322284
2.867	0.0752123876
2.868	0.0751903959
2.869	0.0751662976
2.87	0.0751401366
2.871	0.0751119557
2.872	0.0750817969
2.873	0.0750497019
2.874	0.075015711
2.875	0.0749798643
2.876	0.074942201
2.877	0.0749027594
2.878	0.0748615775
2.879	0.0748186923
2.88	0.0747741402
2.881	0.0747279571
2.882	0.074680178
2.883	0.0746308375
2.884	0.0745799694
2.885	0.074527607
2.886	0.074473783
2.887	0.0744185293
2.888	0.0743618775
2.889	0.0743038584
2.89	0.0742445025
2.891	0.0741838394
2.892	0.0741218985
2.893	0.0740587084
2.894	0.0739942973
2.895	0.073928693
2.896	0.0738619224
2.897	0.0737940124
2.898	0.073724989
2.899	0.073654878
2.9	0.0735837045
2.901	0.0735114934
2.902	0.0734382689
2.903	0.0733640549
2.904	0.0732888747
2.905	0.0732127514
2.906	0.0731357075
2.907	0.0730577651
2.908	0.0729789459
2.909	0.0728992712
2.91	0.0728187621
2.911	0.0727374389
2.912	0.0726553219
2.913	0.0725724308
2.914	0.072488785
2.915	0.0724044035
2.916	0.0723193051
2.917	0.072233508
2.918	0.0721470303
2.919	0.0720598896
2.92	0.0719721032
2.921	0.0718836881
2.922	0.071794661
2.923	0.0717050382
2.924	0.0716148358
2.925	0.0715240696
2.926	0.0714327549
2.927	0.0713409069
2.928	0.0712485405
2.929	0.0711556703
2.93	0.0710623106
2.931	0.0709684754
2.932	0.0708741784
2.933	0.0707794333
2.934	0.0706842531
2.935	0.070588651
2.936	0.0704926396
2.937	0.0703962314
2.938	0.0702994388
2.939	0.0702022736
2.94	0.0701047478
2.941	0.0700068728
2.942	0.0699086601
2.943	0.0698101206
2.944	0.0697112654
2.945	0.0696121051
2.946	0.0695126501
2.947	0.0694129109
2.948	0.0693128973
2.949	0.0692126194
2.95	0.0691120868
2.951	0.0690113091
2.952	0.0689102954
2.953	0.068809055
2.954	0.0687075967
2.955	0.0686059294
2.956	0.0685040617
2.957	0.068402002
2.958	0.0682997585
2.959	0.0681973393
2.96	0.0680947524
2.961	0.0679920056
2.962	0.0678891064
2.963	0.0677860624
2.964	0.0676828808
2.965	0.0675795689
2.966	0.0674761336
2.967	0.0673725819
2.968	0.0672689205
2.969	0.067165156
2.97	0.0670612949
2.971	0.0669573434
2.972	0.066853308
2.973	0.0667491946
2.974	0.0666450091
2.975	0.0665407575
2.976	0.0664364455
2.977	0.0663320786
2.978	0.0662276624
2.979	0.0661232022
2.98	0.0660187034
2.981	0.0659141709
2.982	0.06580961
2.983	0.0657050255
2.984	0.0656004223
2.985	0.0654958051
2.986	0.0653911786
2.987	0.0652865473
2.988	0.0651819156
2.989	0.0650772879
2.99	0.0649726685
2.991	0.0648680614
2.992	0.0647634709
2.993	0.0646589008
2.994	0.0645543552
2.995	0.0644498377
2.996	0.0643453522
2.997	0.0642409024
2.998	0.0641364917
2.999	0.0640321236
3	0.0639278017

