0	0
0.01	0
0.02	0
0.03	0
0.04	0
0.05	0
0.06	0
0.07	0
0.08	0
0.09	0
0.1	0
0.11	1.0651e-14
0.12	1.82e-12
0.13	2.8254e-11
0.14	1.7573e-10
0.15	6.778e-10
0.16	1.9541e-09
0.17	4.6368e-09
0.18	9.5773e-09
0.19	1.7837e-08
0.2	3.0672e-08
0.21	4.9507e-08
0.22	7.5912e-08
0.23	1.1158e-07
0.24	1.5831e-07
0.25	2.1796e-07
0.26	2.9245e-07
0.27	3.8307e-07
0.28	4.8923e-07
0.29	6.0856e-07
0.3	7.3755e-07
0.31	8.7226e-07
0.32	1.0087e-06
0.33	1.1434e-06
0.34	1.273e-06
0.35	1.3952e-06
0.36	1.5079e-06
0.37	1.6098e-06
0.38	1.7001e-06
0.39	1.7784e-06
0.4	1.845e-06
0.41	1.9001e-06
0.42	1.9448e-06
0.43	1.9803e-06
0.44	2.0078e-06
0.45	2.0286e-06
0.46	2.044e-06
0.47	2.0549e-06
0.48	2.0622e-06
0.49	2.0665e-06
0.5	2.0685e-06
0.51	2.0686e-06
0.52	2.0672e-06
0.53	2.0646e-06
0.54	2.0609e-06
0.55	2.0566e-06
0.56	2.0515e-06
0.57	2.0461e-06
0.58	2.0402e-06
0.59	2.034e-06
0.6	2.0276e-06
0.61	2.021e-06
0.62	2.0142e-06
0.63	2.0074e-06
0.64	2.0006e-06
0.65	1.994e-06
0.66	1.988e-06
0.67	1.9833e-06
0.68	1.9805e-06
0.69	1.9806e-06
0.7	1.9846e-06
0.71	1.994e-06
0.72	2.0099e-06
0.73	2.034e-06
0.74	2.0678e-06
0.75	2.1129e-06
0.76	2.171e-06
0.77	2.244e-06
0.78	2.3334e-06
0.79	2.4413e-06
0.8	2.5693e-06
0.81	2.7193e-06
0.82	2.8932e-06
0.83	3.0927e-06
0.84	3.3196e-06
0.85	3.5759e-06
0.86	3.8633e-06
0.87	4.1837e-06
0.88	4.5389e-06
0.89	4.9306e-06
0.9	5.3606e-06
0.91	5.8308e-06
0.92	6.3429e-06
0.93	6.8987e-06
0.94	7.4999e-06
0.95	8.1482e-06
0.96	8.8454e-06
0.97	9.5933e-06
0.98	1.0393e-05
0.99	1.1248e-05
1	1.2157e-05
1.01	1.3124e-05
1.02	1.4149e-05
1.03	1.5226e-05
1.04	1.6348e-05
1.05	1.7504e-05
1.06	1.8684e-05
1.07	1.9876e-05
1.08	2.107e-05
1.09	2.2258e-05
1.1	2.343e-05
1.11	2.458e-05
1.12	2.5702e-05
1.13	2.6792e-05
1.14	2.7845e-05
1.15	2.8859e-05
1.16	2.9832e-05
1.17	3.0762e-05
1.18	3.1647e-05
1.19	3.2487e-05
1.2	3.3283e-05
1.21	3.4034e-05
1.22	3.474e-05
1.23	3.5401e-05
1.24	3.602e-05
1.25	3.6596e-05
1.26	3.713e-05
1.27	3.7624e-05
1.28	3.8078e-05
1.29	3.8494e-05
1.3	3.8873e-05
1.31	3.9216e-05
1.32	3.9525e-05
1.33	3.98e-05
1.34	4.0043e-05
1.35	4.0256e-05
1.36	4.044e-05
1.37	4.0595e-05
1.38	4.0724e-05
1.39	4.0827e-05
1.4	4.0906e-05
1.41	4.0963e-05
1.42	4.0999e-05
1.43	4.1014e-05
1.44	4.101e-05
1.45	4.099e-05
1.46	4.0952e-05
1.47	4.0901e-05
1.48	4.0835e-05
1.49	4.0757e-05
1.5	4.0668e-05
1.51	4.057e-05
1.52	4.0463e-05
1.53	4.0348e-05
1.54	4.0228e-05
1.55	4.0104e-05
1.56	3.9975e-05
1.57	3.9843e-05
1.58	3.971e-05
1.59	3.9574e-05
1.6	3.9437e-05
1.61	3.93e-05
1.62	3.9162e-05
1.63	3.9023e-05
1.64	3.8884e-05
1.65	3.8745e-05
1.66	3.8607e-05
1.67	3.8468e-05
1.68	3.833e-05
1.69	3.8192e-05
1.7	3.8054e-05
1.71	3.7917e-05
1.72	3.778e-05
1.73	3.7644e-05
1.74	3.7509e-05
1.75	3.7374e-05
1.76	3.724e-05
1.77	3.7109e-05
1.78	3.698e-05
1.79	3.6856e-05
1.8	3.6736e-05
1.81	3.6623e-05
1.82	3.6518e-05
1.83	3.6423e-05
1.84	3.6339e-05
1.85	3.6269e-05
1.86	3.6213e-05
1.87	3.6175e-05
1.88	3.6156e-05
1.89	3.6158e-05
1.9	3.6183e-05
1.91	3.6233e-05
1.92	3.631e-05
1.93	3.6417e-05
1.94	3.6555e-05
1.95	3.6726e-05
1.96	3.6932e-05
1.97	3.7177e-05
1.98	3.746e-05
1.99	3.7786e-05
2	3.8155e-05
2.01	3.857e-05
2.02	3.9031e-05
2.03	3.9535e-05
2.04	4.0075e-05
2.05	4.0642e-05
2.06	4.1225e-05
2.07	4.1816e-05
2.08	4.2405e-05
2.09	4.2984e-05
2.1	4.3546e-05
2.11	4.4086e-05
2.12	4.4598e-05
2.13	4.5078e-05
2.14	4.5525e-05
2.15	4.5937e-05
2.16	4.6311e-05
2.17	4.6647e-05
2.18	4.6946e-05
2.19	4.7207e-05
2.2	4.7432e-05
2.21	4.762e-05
2.22	4.7774e-05
2.23	4.7895e-05
2.24	4.7984e-05
2.25	4.8043e-05
2.26	4.8074e-05
2.27	4.8079e-05
2.28	4.8059e-05
2.29	4.8018e-05
2.3	4.7956e-05
2.31	4.7877e-05
2.32	4.7781e-05
2.33	4.7673e-05
2.34	4.7553e-05
2.35	4.7424e-05
2.36	4.7288e-05
2.37	4.7145e-05
2.38	4.6999e-05
2.39	4.6848e-05
2.4	4.6695e-05
2.41	4.654e-05
2.42	4.6384e-05
2.43	4.6226e-05
2.44	4.6067e-05
2.45	4.5908e-05
2.46	4.5749e-05
2.47	4.5589e-05
2.48	4.543e-05
2.49	4.527e-05
2.5	4.5112e-05
2.51	4.4953e-05
2.52	4.4795e-05
2.53	4.4637e-05
2.54	4.448e-05
2.55	4.4323e-05
2.56	4.4167e-05
2.57	4.4012e-05
2.58	4.3859e-05
2.59	4.3707e-05
2.6	4.3557e-05
2.61	4.3409e-05
2.62	4.3265e-05
2.63	4.3124e-05
2.64	4.2987e-05
2.65	4.2855e-05
2.66	4.2727e-05
2.67	4.2606e-05
2.68	4.2492e-05
2.69	4.2384e-05
2.7	4.2284e-05
2.71	4.2193e-05
2.72	4.2111e-05
2.73	4.2036e-05
2.74	4.1969e-05
2.75	4.1907e-05
2.76	4.1849e-05
2.77	4.1792e-05
2.78	4.1736e-05
2.79	4.1677e-05
2.8	4.1616e-05
2.81	4.1551e-05
2.82	4.1482e-05
2.83	4.1407e-05
2.84	4.1327e-05
2.85	4.1241e-05
2.86	4.1149e-05
2.87	4.1052e-05
2.88	4.0949e-05
2.89	4.0841e-05
2.9	4.0729e-05
2.91	4.0612e-05
2.92	4.0491e-05
2.93	4.0367e-05
2.94	4.0241e-05
2.95	4.0112e-05
2.96	3.9982e-05
2.97	3.985e-05
2.98	3.9718e-05
2.99	3.9585e-05
3	3.9452e-05
