0	-0
0.01	-0
0.02	-0
0.03	-0
0.04	-0
0.05	-0
0.06	-0
0.07	-0
0.08	-0
0.09	-0
0.1	-0
0.11	-0
0.12	-0
0.13	-0
0.14	-0
0.15	-0
0.16	-0
0.17	0.015411
0.18	0.57093
0.19	1.5532
0.2	2.535
0.21	3.4032
0.22	4.15
0.23	4.7885
0.24	5.3336
0.25	5.799
0.26	6.1962
0.27	6.5352
0.28	6.8245
0.29	7.0713
0.3	7.282
0.31	7.4617
0.32	7.6149
0.33	7.7456
0.34	7.8571
0.35	7.9521
0.36	8.0331
0.37	8.1021
0.38	8.1609
0.39	8.2109
0.4	8.2535
0.41	8.2897
0.42	8.2896
0.43	7.2047
0.44	5.2622
0.45	3.3175
0.46	1.5969
0.47	0.11674
0.48	-1.1489
0.49	-2.2297
0.5	-3.1525
0.51	-3.9402
0.52	-4.6126
0.53	-5.1866
0.54	-5.6765
0.55	-6.0946
0.56	-6.4515
0.57	-6.756
0.58	-7.0159
0.59	-7.2376
0.6	-7.4268
0.61	-7.5881
0.62	-7.7257
0.63	-7.843
0.64	-7.943
0.65	-8.0282
0.66	-8.1008
0.67	-8.1472
0.68	-7.6443
0.69	-6.7068
0.7	-5.7631
0.71	-4.9272
0.72	-4.2079
0.73	-3.5927
0.74	-3.0673
0.75	-2.6186
0.76	-2.2355
0.77	-1.9084
0.78	-1.6291
0.79	-1.3906
0.8	-1.187
0.81	-1.0131
0.82	-0.86462
0.83	-0.73786
0.84	-0.50898
0.85	0.40678
0.86	1.5668
0.87	2.6501
0.88	3.5935
0.89	4.4022
0.9	5.0932
0.91	5.6831
0.92	6.1866
0.93	6.6164
0.94	6.9832
0.95	7.2962
0.96	7.5634
0.97	7.7913
0.98	7.9857
0.99	8.1515
1	8.293
1.01	8.4136
1.02	8.5164
1.03	8.604
1.04	8.6787
1.05	8.7422
1.06	8.7964
1.07	8.8424
1.08	8.8816
1.09	8.9149
1.1	8.9431
1.11	8.9671
1.12	8.9874
1.13	9.0046
1.14	9.0191
1.15	9.0314
1.16	9.0417
1.17	9.0503
1.18	9.0575
1.19	9.0635
1.2	9.0685
1.21	9.0726
1.22	9.076
1.23	9.0787
1.24	9.0809
1.25	9.0826
1.26	9.0839
1.27	9.0849
1.28	9.0856
1.29	9.086
1.3	9.0862
1.31	9.0863
1.32	9.0862
1.33	9.0859
1.34	9.0856
1.35	9.0852
1.36	9.0847
1.37	9.0841
1.38	9.0835
1.39	9.0828
1.4	9.0821
1.41	9.0813
1.42	9.0806
1.43	9.0798
1.44	9.079
1.45	9.0781
1.46	9.0773
1.47	9.0764
1.48	9.0756
1.49	9.0747
1.5	9.0738
1.51	9.073
1.52	9.0721
1.53	9.0712
1.54	9.0703
1.55	9.0694
1.56	9.0686
1.57	9.0677
1.58	9.0668
1.59	9.0659
1.6	9.065
1.61	9.0642
1.62	9.0633
1.63	9.0624
1.64	9.0616
1.65	9.0607
1.66	9.0599
1.67	9.059
1.68	9.0582
1.69	9.0262
1.7	8.7431
1.71	8.4263
1.72	8.1398
1.73	7.8826
1.74	7.6472
1.75	7.4263
1.76	7.2142
1.77	7.0064
1.78	6.7991
1.79	6.5893
1.8	6.3747
1.81	6.1535
1.82	5.924
1.83	5.6853
1.84	5.4367
1.85	5.1779
1.86	4.909
1.87	4.6306
1.88	4.3437
1.89	4.0497
1.9	3.7505
1.91	3.4483
1.92	3.1457
1.93	2.8458
1.94	2.5515
1.95	2.2659
1.96	1.9922
1.97	1.7332
1.98	1.4913
1.99	1.2686
2	1.0663
2.01	0.87051
2.02	0.67841
2.03	0.52115
2.04	0.40094
2.05	0.31033
2.06	0.24191
2.07	0.18991
2.08	0.1501
2.09	0.11939
2.1	0.095517
2.11	0.076817
2.12	0.062054
2.13	0.050302
2.14	0.040867
2.15	0.033222
2.16	0.026962
2.17	0.021778
2.18	0.017428
2.19	0.013722
2.2	0.010506
2.21	0.0076569
2.22	0.0050713
2.23	0.0026598
2.24	0.00034234
2.25	-0.0019563
2.26	-0.0043106
2.27	-0.0067981
2.28	-0.009504
2.29	-0.012526
2.3	-0.015979
2.31	-0.020005
2.32	-0.02478
2.33	-0.030528
2.34	-0.037537
2.35	-0.04618
2.36	-0.056949
2.37	-0.070494
2.38	-0.087681
2.39	-0.10967
2.4	-0.13804
2.41	-0.17493
2.42	-0.22326
2.43	-0.28704
2.44	-0.37183
2.45	-0.48531
2.46	-0.63815
2.47	-0.84517
2.48	-1.1269
2.49	-1.5115
2.5	-2.0373
2.51	-2.7552
2.52	-3.7307
2.53	-5.0428
2.54	-6.7779
2.55	-9.0133
2.56	-11.785
2.57	-15.043
2.58	-18.602
2.59	-22.131
2.6	-25.194
2.61	-27.377
2.62	-26.841
2.63	-24.493
2.64	-22.207
2.65	-20.215
2.66	-18.507
2.67	-17.048
2.68	-15.803
2.69	-14.739
2.7	-13.83
2.71	-13.054
2.72	-12.391
2.73	-11.825
2.74	-11.342
2.75	-10.929
2.76	-10.576
2.77	-10.275
2.78	-10.017
2.79	-9.7971
2.8	-9.6091
2.81	-9.4484
2.82	-9.311
2.83	-9.1936
2.84	-9.0932
2.85	-9.0073
2.86	-8.9338
2.87	-8.8709
2.88	-8.817
2.89	-8.7709
2.9	-8.7313
2.91	-8.6974
2.92	-8.6683
2.93	-8.6433
2.94	-8.6218
2.95	-8.6034
2.96	-8.5874
2.97	-8.5737
2.98	-8.5618
2.99	-8.5515
3	-8.5426
3.01	-8.5348
3.02	-8.5281
3.03	-8.5222
3.04	-8.517
3.05	-8.5124
3.06	-8.5084
3.07	-8.5048
3.08	-8.5016
3.09	-8.4988
3.1	-8.4962
3.11	-8.4938
3.12	-8.4917
3.13	-8.4898
3.14	-8.488
3.15	-8.4863
3.16	-8.4848
3.17	-8.4833
3.18	-8.482
3.19	-8.4807
3.2	-8.4794
3.21	-8.4782
3.22	-8.4771
3.23	-8.476
3.24	-8.4749
3.25	-8.4739
3.26	-8.1681
3.27	-7.2584
3.28	-6.2524
3.29	-5.3422
3.3	-4.5551
3.31	-3.8813
3.32	-3.3058
3.33	-2.8143
3.34	-2.3947
3.35	-2.0365
3.36	-1.7306
3.37	-1.4695
3.38	-1.2466
3.39	-1.0563
3.4	-0.89385
3.41	-0.75519
3.42	-0.63682
3.43	-0.5358
3.44	-0.44957
3.45	-0.37598
3.46	-0.31319
3.47	-0.25961
3.48	-0.21389
3.49	-0.1749
3.5	-0.14164
3.51	-0.11327
3.52	-0.089093
3.53	-0.068482
3.54	-0.050919
3.55	-0.035958
3.56	-0.02322
3.57	-0.012378
3.58	-0.0031564
3.59	-0.13608
3.6	-1.09
3.61	-2.3456
3.62	-3.5261
3.63	-4.5556
3.64	-5.4384
3.65	-6.1927
3.66	-6.8367
3.67	-7.3864
3.68	-7.8557
3.69	-8.2562
3.7	-8.598
3.71	-8.8897
3.72	-9.1386
3.73	-9.3509
3.74	-9.5321
3.75	-9.6866
3.76	-9.8184
3.77	-9.9308
3.78	-10.027
3.79	-10.108
3.8	-10.178
3.81	-10.237
3.82	-10.287
3.83	-10.33
3.84	-10.367
3.85	-10.398
3.86	-10.424
3.87	-10.446
3.88	-10.465
3.89	-10.481
3.9	-10.495
3.91	-10.506
3.92	-10.516
3.93	-10.524
3.94	-10.531
3.95	-10.536
3.96	-10.541
3.97	-10.545
3.98	-10.548
3.99	-10.55
4	-10.552
4.01	-10.554
4.02	-10.555
4.03	-10.556
4.04	-10.556
4.05	-10.557
4.06	-10.557
4.07	-10.557
4.08	-10.557
4.09	-10.31
4.1	-8.629
4.11	-6.4213
4.12	-4.3466
4.13	-2.5374
4.14	-0.98586
4.15	0.33989
4.16	1.4719
4.17	2.4382
4.18	3.2631
4.19	3.9673
4.2	4.5683
4.21	5.0813
4.22	5.5191
4.23	5.8927
4.24	6.2115
4.25	6.4834
4.26	6.7155
4.27	6.9134
4.28	7.0822
4.29	7.2261
4.3	7.3488
4.31	7.4533
4.32	7.5424
4.33	7.6182
4.34	7.6828
4.35	7.7377
4.36	7.7844
4.37	7.8241
4.38	7.8577
4.39	7.8863
4.4	7.9105
4.41	7.9309
4.42	7.9482
4.43	7.9628
4.44	7.975
4.45	7.9853
4.46	7.9938
4.47	8.001
4.48	8.0069
4.49	8.0117
4.5	8.0157
4.51	8.0189
4.52	8.0214
4.53	8.0234
4.54	8.0249
4.55	8.026
4.56	8.0268
4.57	8.0273
4.58	8.0275
4.59	8.0275
4.6	8.0273
4.61	8.027
4.62	8.0266
4.63	8.026
4.64	8.0253
4.65	8.0246
4.66	8.0238
4.67	8.023
4.68	8.0221
4.69	8.0211
4.7	8.0202
4.71	8.0192
4.72	8.0181
4.73	8.0171
4.74	8.016
4.75	8.015
4.76	7.7281
4.77	6.8751
4.78	5.9319
4.79	5.0783
4.8	4.3402
4.81	3.7083
4.82	3.1684
4.83	2.7074
4.84	2.3138
4.85	1.9777
4.86	1.6907
4.87	1.4456
4.88	1.2363
4.89	1.0576
4.9	0.90502
4.91	0.77472
4.92	0.66346
4.93	0.56844
4.94	0.48731
4.95	0.41802
4.96	0.35885
4.97	0.30831
4.98	0.26516
4.99	0.2283
5	0.19682
